 yes             v(b0)           v(b1)           v(b2)           v(b3)           v(b4)           v(b5)           v(b6)           i(Vitest)       i(Viout)        v(Vout)         i(v.x3.vib0)    i(v.x3.vib1)    i(v.x3.vib2)    i(v.x3.vib3)    i(v.x3.vib4)    i(v.x3.vib5)    i(v.x3.vib6)   
 1.00000000e+00  0.00000000e+00  0.00000000e+00  0.00000000e+00  0.00000000e+00  0.00000000e+00  0.00000000e+00  0.00000000e+00  1.32026265e-11  5.03587198e-09  5.03587198e-06  1.18994869e-14  1.16468919e-14  1.10548857e-14  1.29028632e-14  1.15944711e-14  1.14052727e-14  1.25124400e-14 
 1.00000000e+00  1.00000000e+00  0.00000000e+00  0.00000000e+00  0.00000000e+00  0.00000000e+00  0.00000000e+00  0.00000000e+00  1.19106229e-09  6.01458413e-09  6.01458413e-06  9.63644652e-08  1.14334876e-14  1.08688295e-14  1.27140506e-14  1.14422725e-14  1.12709380e-14  1.23775052e-14 
 1.00000000e+00  0.00000000e+00  1.00000000e+00  0.00000000e+00  0.00000000e+00  0.00000000e+00  0.00000000e+00  0.00000000e+00  2.26597590e-09  6.92551878e-09  6.92551878e-06  1.16719907e-14  9.46372336e-08  1.08490206e-14  1.26925349e-14  1.14236026e-14  1.12529702e-14  1.23582627e-14 
 1.00000000e+00  1.00000000e+00  1.00000000e+00  0.00000000e+00  0.00000000e+00  0.00000000e+00  0.00000000e+00  0.00000000e+00  3.37794241e-09  7.88197781e-09  7.88197781e-06  9.63641802e-08  9.46369540e-08  1.08361454e-14  1.26787107e-14  1.14117036e-14  1.12415769e-14  1.23461039e-14 
 1.00000000e+00  0.00000000e+00  0.00000000e+00  1.00000000e+00  0.00000000e+00  0.00000000e+00  0.00000000e+00  0.00000000e+00  4.35788439e-09  8.73461036e-09  8.73461036e-06  1.16942233e-14  1.14348702e-14  9.21341393e-08  1.26696583e-14  1.14039644e-14  1.12341906e-14  1.23382464e-14 
 1.00000000e+00  1.00000000e+00  0.00000000e+00  1.00000000e+00  0.00000000e+00  0.00000000e+00  0.00000000e+00  0.00000000e+00  5.46967554e-09  9.71111370e-09  9.71111370e-06  9.63643107e-08  1.14117975e-14  9.21339725e-08  1.26613968e-14  1.13969402e-14  1.12275175e-14  1.23311636e-14 
 1.00000000e+00  0.00000000e+00  1.00000000e+00  1.00000000e+00  0.00000000e+00  0.00000000e+00  0.00000000e+00  0.00000000e+00  6.48685449e-09  1.06117100e-08  1.06117100e-05  1.16588613e-14  9.46369622e-08  9.21338435e-08  1.26550717e-14  1.13915930e-14  1.12224558e-14  1.23258028e-14 
 1.00000000e+00  1.00000000e+00  1.00000000e+00  1.00000000e+00  0.00000000e+00  0.00000000e+00  0.00000000e+00  0.00000000e+00  7.52210707e-09  1.15343118e-08  1.15343118e-05  9.63640719e-08  9.46367547e-08  9.21337285e-08  1.26494798e-14  1.13868914e-14  1.12180150e-14  1.23211168e-14 
 1.00000000e+00  0.00000000e+00  0.00000000e+00  0.00000000e+00  1.00000000e+00  0.00000000e+00  0.00000000e+00  0.00000000e+00  8.76555530e-09  1.26492961e-08  1.26492961e-05  1.17126959e-14  1.14534965e-14  1.08470644e-14  9.65739971e-08  1.13819656e-14  1.12133875e-14  1.23162403e-14 
 1.00000000e+00  1.00000000e+00  0.00000000e+00  0.00000000e+00  1.00000000e+00  0.00000000e+00  0.00000000e+00  0.00000000e+00  9.87744670e-09  1.36517460e-08  1.36517460e-05  9.63643766e-08  1.14200246e-14  1.08345345e-14  9.65739084e-08  1.13780788e-14  1.12097424e-14  1.23124103e-14 
 1.00000000e+00  0.00000000e+00  1.00000000e+00  0.00000000e+00  1.00000000e+00  0.00000000e+00  0.00000000e+00  0.00000000e+00  1.08853454e-08  1.45642797e-08  1.45642797e-05  1.16642006e-14  9.46370734e-08  1.08259568e-14  9.65738351e-08  1.13748814e-14  1.12067522e-14  1.23092720e-14 
 1.00000000e+00  1.00000000e+00  1.00000000e+00  0.00000000e+00  1.00000000e+00  0.00000000e+00  0.00000000e+00  0.00000000e+00  1.19176698e-08  1.55022639e-08  1.55022639e-05  9.63641194e-08  9.46368394e-08  1.08187048e-14  9.65737658e-08  1.13718717e-14  1.12039479e-14  1.23063401e-14 
 1.00000000e+00  0.00000000e+00  0.00000000e+00  1.00000000e+00  1.00000000e+00  0.00000000e+00  0.00000000e+00  0.00000000e+00  1.28583315e-08  1.63595850e-08  1.63595850e-05  1.16807818e-14  1.14211312e-14  9.21338282e-08  9.65737069e-08  1.13693271e-14  1.12015844e-14  1.23038673e-14 
 1.00000000e+00  1.00000000e+00  0.00000000e+00  1.00000000e+00  1.00000000e+00  0.00000000e+00  0.00000000e+00  0.00000000e+00  1.38889636e-08  1.73014784e-08  1.73014784e-05  9.63642403e-08  1.14039796e-14  9.21337110e-08  9.65736464e-08  1.13667251e-14  1.11991678e-14  1.23013507e-14 
 1.00000000e+00  0.00000000e+00  1.00000000e+00  1.00000000e+00  1.00000000e+00  0.00000000e+00  0.00000000e+00  0.00000000e+00  1.48483244e-08  1.81804190e-08  1.81804190e-05  1.16535110e-14  9.46368499e-08  9.21336136e-08  9.65735933e-08  1.13644536e-14  1.11970624e-14  1.22991608e-14 
 1.00000000e+00  1.00000000e+00  1.00000000e+00  1.00000000e+00  1.00000000e+00  0.00000000e+00  0.00000000e+00  0.00000000e+00  1.58185883e-08  1.90712857e-08  1.90712857e-05  9.63640203e-08  9.46366666e-08  9.21335241e-08  9.65735425e-08  1.13622813e-14  1.11950601e-14  1.22970762e-14 
 1.00000000e+00  0.00000000e+00  0.00000000e+00  0.00000000e+00  0.00000000e+00  1.00000000e+00  0.00000000e+00  0.00000000e+00  1.81199872e-08  2.11911731e-08  2.11911731e-05  1.17295133e-14  1.14702853e-14  1.08643289e-14  1.26645261e-14  1.07078054e-07  1.11907242e-14  1.22925895e-14 
 1.00000000e+00  1.00000000e+00  0.00000000e+00  0.00000000e+00  0.00000000e+00  1.00000000e+00  0.00000000e+00  0.00000000e+00  1.92432184e-08  2.22288606e-08  2.22288606e-05  9.63644133e-08  1.14251589e-14  1.08454090e-14  1.26570227e-14  1.07078007e-07  1.11887964e-14  1.22905875e-14 
 1.00000000e+00  0.00000000e+00  1.00000000e+00  0.00000000e+00  0.00000000e+00  1.00000000e+00  0.00000000e+00  0.00000000e+00  2.02588279e-08  2.31686327e-08  2.31686327e-05  1.16673364e-14  9.46371381e-08  1.08341523e-14  1.26512463e-14  1.07077967e-07  1.11871306e-14  1.22888779e-14 
 1.00000000e+00  1.00000000e+00  1.00000000e+00  0.00000000e+00  0.00000000e+00  1.00000000e+00  0.00000000e+00  0.00000000e+00  2.12973328e-08  2.41309485e-08  2.41309485e-05  9.63641450e-08  9.46368867e-08  1.08252511e-14  1.26460431e-14  1.07077927e-07  1.11855094e-14  1.22872036e-14 
 1.00000000e+00  0.00000000e+00  0.00000000e+00  1.00000000e+00  0.00000000e+00  1.00000000e+00  0.00000000e+00  0.00000000e+00  2.22329354e-08  2.49989964e-08  2.49989964e-05  1.16859213e-14  1.14264091e-14  9.21339485e-08  1.26418159e-14  1.07077893e-07  1.11841037e-14  1.22857661e-14 
 1.00000000e+00  1.00000000e+00  0.00000000e+00  1.00000000e+00  0.00000000e+00  1.00000000e+00  0.00000000e+00  0.00000000e+00  2.32733365e-08  2.59653929e-08  2.59653929e-05  9.63642699e-08  1.14071659e-14  9.21338146e-08  1.26375199e-14  1.07077856e-07  1.11826108e-14  1.22842315e-14 
 1.00000000e+00  0.00000000e+00  1.00000000e+00  1.00000000e+00  0.00000000e+00  1.00000000e+00  0.00000000e+00  0.00000000e+00  2.42328175e-08  2.68575932e-08  2.68575932e-05  1.16557322e-14  9.46368967e-08  9.21337061e-08  1.26338766e-14  1.07077823e-07  1.11812859e-14  1.22828705e-14 
 1.00000000e+00  1.00000000e+00  1.00000000e+00  1.00000000e+00  0.00000000e+00  1.00000000e+00  0.00000000e+00  0.00000000e+00  2.52012090e-08  2.77589551e-08  2.77589551e-05  9.63640422e-08  9.46367037e-08  9.21336076e-08  1.26304446e-14  1.07077791e-07  1.11799935e-14  1.22815513e-14 
 1.00000000e+00  0.00000000e+00  0.00000000e+00  0.00000000e+00  1.00000000e+00  1.00000000e+00  0.00000000e+00  0.00000000e+00  2.64412653e-08  2.89143696e-08  2.89143696e-05  1.16993901e-14  1.14401052e-14  1.08331241e-14  9.65736700e-08  1.07077752e-07  1.11784038e-14  1.22799207e-14 
 1.00000000e+00  1.00000000e+00  0.00000000e+00  0.00000000e+00  1.00000000e+00  1.00000000e+00  0.00000000e+00  0.00000000e+00  2.74842629e-08  2.98871374e-08  2.98871374e-05  9.63643328e-08  1.14144367e-14  1.08242584e-14  9.65736093e-08  1.07077720e-07  1.11771140e-14  1.22786116e-14 
 1.00000000e+00  0.00000000e+00  1.00000000e+00  0.00000000e+00  1.00000000e+00  1.00000000e+00  0.00000000e+00  0.00000000e+00  2.84365045e-08  3.07759732e-08  3.07759732e-05  1.16606343e-14  9.46369993e-08  1.08176130e-14  9.65735571e-08  1.07077692e-07  1.11759805e-14  1.22774537e-14 
 1.00000000e+00  1.00000000e+00  1.00000000e+00  0.00000000e+00  1.00000000e+00  1.00000000e+00  0.00000000e+00  0.00000000e+00  2.94105783e-08  3.16858477e-08  3.16858477e-05  9.63640884e-08  9.46367838e-08  1.08117364e-14  9.65735065e-08  1.07077664e-07  1.11748546e-14  1.22763079e-14 
 1.00000000e+00  0.00000000e+00  0.00000000e+00  1.00000000e+00  1.00000000e+00  1.00000000e+00  0.00000000e+00  0.00000000e+00  3.03169652e-08  3.25330610e-08  3.25330610e-05  1.16752733e-14  1.14154495e-14  9.21336975e-08  9.65734617e-08  1.07077638e-07  1.11738342e-14  1.22752781e-14 
 1.00000000e+00  1.00000000e+00  0.00000000e+00  1.00000000e+00  1.00000000e+00  1.00000000e+00  0.00000000e+00  0.00000000e+00  3.12983681e-08  3.34509708e-08  3.34509708e-05  9.63642051e-08  1.14003317e-14  9.21335963e-08  9.65734154e-08  1.07077611e-07  1.11727620e-14  1.22741893e-14 
 1.00000000e+00  0.00000000e+00  1.00000000e+00  1.00000000e+00  1.00000000e+00  1.00000000e+00  0.00000000e+00  0.00000000e+00  3.22130069e-08  3.43069473e-08  3.43069473e-05  1.16509248e-14  9.46367952e-08  9.21335101e-08  9.65733741e-08  1.07077587e-07  1.11717921e-14  1.22732030e-14 
 1.00000000e+00  1.00000000e+00  1.00000000e+00  1.00000000e+00  1.00000000e+00  1.00000000e+00  0.00000000e+00  0.00000000e+00  3.31345254e-08  3.51698338e-08  3.51698338e-05  9.63639938e-08  9.46366227e-08  9.21334296e-08  9.65733341e-08  1.07077563e-07  1.11708336e-14  1.22722336e-14 
 1.00000000e+00  0.00000000e+00  0.00000000e+00  0.00000000e+00  0.00000000e+00  0.00000000e+00  1.00000000e+00  0.00000000e+00  3.32434333e-08  3.52718425e-08  3.52718425e-05  1.17515104e-14  1.14920775e-14  1.08864932e-14  1.26909437e-14  1.13828950e-14  9.87639571e-08  1.22721208e-14 
 1.00000000e+00  1.00000000e+00  0.00000000e+00  0.00000000e+00  0.00000000e+00  0.00000000e+00  1.00000000e+00  0.00000000e+00  3.43897091e-08  3.63458733e-08  3.63458733e-05  9.63644403e-08  1.14293059e-14  1.08557052e-14  1.26770756e-14  1.13787638e-14  9.87639329e-08  1.22709571e-14 
 1.00000000e+00  0.00000000e+00  1.00000000e+00  0.00000000e+00  0.00000000e+00  0.00000000e+00  1.00000000e+00  0.00000000e+00  3.54261628e-08  3.73175612e-08  3.73175612e-05  1.16697126e-14  9.46371869e-08  1.08411935e-14  1.26678255e-14  1.13754232e-14  9.87639117e-08  1.22699346e-14 
 1.00000000e+00  1.00000000e+00  1.00000000e+00  0.00000000e+00  0.00000000e+00  0.00000000e+00  1.00000000e+00  0.00000000e+00  3.64935937e-08  3.83188121e-08  3.83188121e-05  9.63641634e-08  9.46369215e-08  1.08305994e-14  1.26600929e-14  1.13722804e-14  9.87638903e-08  1.22689087e-14 
 1.00000000e+00  0.00000000e+00  0.00000000e+00  1.00000000e+00  0.00000000e+00  0.00000000e+00  1.00000000e+00  0.00000000e+00  3.74402094e-08  3.92071572e-08  3.92071572e-05  1.16900452e-14  1.14306148e-14  9.21340436e-08  1.26542401e-14  1.13697055e-14  9.87638719e-08  1.22680273e-14 
 1.00000000e+00  1.00000000e+00  0.00000000e+00  1.00000000e+00  0.00000000e+00  0.00000000e+00  1.00000000e+00  0.00000000e+00  3.85042378e-08  4.02061328e-08  4.02061328e-05  9.63642911e-08  1.14095403e-14  9.21338944e-08  1.26484935e-14  1.13669999e-14  9.87638516e-08  1.22670563e-14 
 1.00000000e+00  0.00000000e+00  1.00000000e+00  1.00000000e+00  0.00000000e+00  0.00000000e+00  1.00000000e+00  0.00000000e+00  3.94834271e-08  4.11258516e-08  4.11258516e-05  1.16573514e-14  9.46369307e-08  9.21337760e-08  1.26438117e-14  1.13646706e-14  9.87638334e-08  1.22661854e-14 
 1.00000000e+00  1.00000000e+00  1.00000000e+00  1.00000000e+00  0.00000000e+00  0.00000000e+00  1.00000000e+00  0.00000000e+00  4.04762839e-08  4.20587755e-08  4.20587755e-05  9.63640577e-08  9.46367302e-08  9.21336696e-08  1.26395206e-14  1.13624413e-14  9.87638154e-08  1.22653245e-14 
 1.00000000e+00  0.00000000e+00  0.00000000e+00  0.00000000e+00  1.00000000e+00  0.00000000e+00  1.00000000e+00  0.00000000e+00  4.17097162e-08  4.32182420e-08  4.32182420e-05  1.17057498e-14  1.14465216e-14  1.08398257e-14  9.65738281e-08  1.13598350e-14  9.87637935e-08  1.22642796e-14 
 1.00000000e+00  1.00000000e+00  0.00000000e+00  0.00000000e+00  1.00000000e+00  0.00000000e+00  1.00000000e+00  0.00000000e+00  4.27788099e-08  4.42236406e-08  4.42236406e-05  9.63643557e-08  1.14172950e-14  1.08293570e-14  9.65737556e-08  1.13577028e-14  9.87637749e-08  1.22633983e-14 
 1.00000000e+00  0.00000000e+00  1.00000000e+00  0.00000000e+00  1.00000000e+00  0.00000000e+00  1.00000000e+00  0.00000000e+00  4.37489243e-08  4.51362744e-08  4.51362744e-05  1.16624824e-14  9.46370377e-08  1.08218205e-14  9.65736943e-08  1.13558559e-14  9.87637585e-08  1.22626114e-14 
 1.00000000e+00  1.00000000e+00  1.00000000e+00  0.00000000e+00  1.00000000e+00  0.00000000e+00  1.00000000e+00  0.00000000e+00  4.47415909e-08  4.60704224e-08  4.60704224e-05  9.63641047e-08  9.46368129e-08  1.08152988e-14  9.65736354e-08  1.13540474e-14  9.87637420e-08  1.22618315e-14 
 1.00000000e+00  0.00000000e+00  0.00000000e+00  1.00000000e+00  1.00000000e+00  0.00000000e+00  1.00000000e+00  0.00000000e+00  4.56541991e-08  4.69294862e-08  4.69294862e-05  1.16780948e-14  1.14183618e-14  9.21337648e-08  9.65735843e-08  1.13524505e-14  9.87637270e-08  1.22611221e-14 
 1.00000000e+00  1.00000000e+00  0.00000000e+00  1.00000000e+00  1.00000000e+00  0.00000000e+00  1.00000000e+00  0.00000000e+00  4.66456873e-08  4.78630671e-08  4.78630671e-05  9.63642236e-08  1.14022339e-14  9.21336556e-08  9.65735316e-08  1.13507800e-14  9.87637111e-08  1.22603719e-14 
 1.00000000e+00  0.00000000e+00  1.00000000e+00  1.00000000e+00  1.00000000e+00  0.00000000e+00  1.00000000e+00  0.00000000e+00  4.75660455e-08  4.87299095e-08  4.87299095e-05  1.16522753e-14  9.46368238e-08  9.21335637e-08  9.65734849e-08  1.13492867e-14  9.87636966e-08  1.22596847e-14 
 1.00000000e+00  1.00000000e+00  1.00000000e+00  1.00000000e+00  1.00000000e+00  0.00000000e+00  1.00000000e+00  0.00000000e+00  4.84961018e-08  4.96061088e-08  4.96061088e-05  9.63640078e-08  9.46366458e-08  9.21334787e-08  9.65734399e-08  1.13478206e-14  9.87636822e-08  1.22590024e-14 
 1.00000000e+00  0.00000000e+00  0.00000000e+00  0.00000000e+00  0.00000000e+00  1.00000000e+00  1.00000000e+00  0.00000000e+00  5.08607636e-08  5.18347906e-08  5.18347906e-05  1.17185505e-14  1.14593616e-14  1.08531157e-14  1.26509748e-14  1.07077758e-07  9.87636466e-08  1.22573261e-14 
 1.00000000e+00  1.00000000e+00  0.00000000e+00  0.00000000e+00  0.00000000e+00  1.00000000e+00  1.00000000e+00  0.00000000e+00  5.19402856e-08  5.28526625e-08  5.28526625e-05  9.63643915e-08  1.14220532e-14  1.08386427e-14  1.26455192e-14  1.07077725e-07  9.87636309e-08  1.22565874e-14 
 1.00000000e+00  0.00000000e+00  1.00000000e+00  0.00000000e+00  0.00000000e+00  1.00000000e+00  1.00000000e+00  0.00000000e+00  5.29202542e-08  5.37768854e-08  5.37768854e-05  1.16654691e-14  9.46370996e-08  1.08291554e-14  1.26410942e-14  1.07077695e-07  9.87636168e-08  1.22559260e-14 
 1.00000000e+00  1.00000000e+00  1.00000000e+00  0.00000000e+00  0.00000000e+00  1.00000000e+00  1.00000000e+00  0.00000000e+00  5.39233594e-08  5.47231363e-08  5.47231363e-05  9.63641300e-08  9.46368589e-08  1.08213196e-14  1.26369765e-14  1.07077665e-07  9.87636026e-08  1.22552547e-14 
 1.00000000e+00  0.00000000e+00  0.00000000e+00  1.00000000e+00  0.00000000e+00  1.00000000e+00  1.00000000e+00  0.00000000e+00  5.48313761e-08  5.55798628e-08  5.55798628e-05  1.16828445e-14  1.14232562e-14  9.21338767e-08  1.26335327e-14  1.07077640e-07  9.87635900e-08  1.22546659e-14 
 1.00000000e+00  1.00000000e+00  0.00000000e+00  1.00000000e+00  0.00000000e+00  1.00000000e+00  1.00000000e+00  0.00000000e+00  5.58351630e-08  5.65271362e-08  5.65271362e-05  9.63642527e-08  1.14052941e-14  9.21337533e-08  1.26299963e-14  1.07077612e-07  9.87635762e-08  1.22540200e-14 
 1.00000000e+00  0.00000000e+00  1.00000000e+00  1.00000000e+00  0.00000000e+00  1.00000000e+00  1.00000000e+00  0.00000000e+00  5.67662809e-08  5.74060008e-08  5.74060008e-05  1.16544383e-14  9.46368694e-08  9.21336517e-08  1.26269182e-14  1.07077586e-07  9.87635636e-08  1.22534338e-14 
 1.00000000e+00  1.00000000e+00  1.00000000e+00  1.00000000e+00  0.00000000e+00  1.00000000e+00  1.00000000e+00  0.00000000e+00  5.77067695e-08  5.82938698e-08  5.82938698e-05  9.63640296e-08  9.46366822e-08  9.21335588e-08  1.26239911e-14  1.07077562e-07  9.87635511e-08  1.22528461e-14 
 1.00000000e+00  0.00000000e+00  0.00000000e+00  0.00000000e+00  1.00000000e+00  1.00000000e+00  1.00000000e+00  0.00000000e+00  5.89376920e-08  5.94561569e-08  5.94561569e-05  1.16949064e-14  1.14355621e-14  1.08283562e-14  9.65735563e-08  1.07077530e-07  9.87635350e-08  1.22520944e-14 
 1.00000000e+00  1.00000000e+00  0.00000000e+00  0.00000000e+00  1.00000000e+00  1.00000000e+00  1.00000000e+00  0.00000000e+00  5.99532326e-08  6.04152640e-08  6.04152640e-05  9.63643143e-08  1.14122173e-14  1.08204942e-14  9.65735030e-08  1.07077505e-07  9.87635219e-08  1.22514826e-14 
 1.00000000e+00  0.00000000e+00  1.00000000e+00  0.00000000e+00  1.00000000e+00  1.00000000e+00  1.00000000e+00  0.00000000e+00  6.08816599e-08  6.12922456e-08  6.12922456e-05  1.16591815e-14  9.46369689e-08  1.08144225e-14  9.65734566e-08  1.07077482e-07  9.87635101e-08  1.22509368e-14 
 1.00000000e+00  1.00000000e+00  1.00000000e+00  0.00000000e+00  1.00000000e+00  1.00000000e+00  1.00000000e+00  0.00000000e+00  6.18256066e-08  6.21840260e-08  6.21840260e-05  9.63640752e-08  9.46367605e-08  1.08090005e-14  9.65734113e-08  1.07077460e-07  9.87634982e-08  1.22503827e-14 
 1.00000000e+00  0.00000000e+00  0.00000000e+00  1.00000000e+00  1.00000000e+00  1.00000000e+00  1.00000000e+00  0.00000000e+00  6.27085351e-08  6.30182840e-08  6.30182840e-05  1.16731018e-14  1.14131951e-14  9.21336454e-08  9.65733706e-08  1.07077439e-07  9.87634873e-08  1.22498745e-14 
 1.00000000e+00  1.00000000e+00  0.00000000e+00  1.00000000e+00  1.00000000e+00  1.00000000e+00  1.00000000e+00  0.00000000e+00  6.36603315e-08  6.39177434e-08  6.39177434e-05  9.63641900e-08  1.13988211e-14  9.21335498e-08  9.65733284e-08  1.07077417e-07  9.87634756e-08  1.22493367e-14 
 1.00000000e+00  0.00000000e+00  1.00000000e+00  1.00000000e+00  1.00000000e+00  1.00000000e+00  1.00000000e+00  0.00000000e+00  6.45500767e-08  6.47586821e-08  6.47586821e-05  1.16498358e-14  9.46367721e-08  9.21334677e-08  9.65732905e-08  1.07077397e-07  9.87634648e-08  1.22488324e-14 
 1.00000000e+00  1.00000000e+00  1.00000000e+00  1.00000000e+00  1.00000000e+00  1.00000000e+00  1.00000000e+00  0.00000000e+00  6.54470730e-08  6.56065869e-08  6.56065869e-05  9.63639824e-08  9.46366040e-08  9.21333907e-08  9.65732537e-08  1.07077378e-07  9.87634541e-08  1.22483392e-14 
 1.00000000e+00  0.00000000e+00  0.00000000e+00  0.00000000e+00  0.00000000e+00  0.00000000e+00  0.00000000e+00  1.00000000e+00  6.38970941e-08  6.41415075e-08  6.41415075e-05  1.17702738e-14  1.15105643e-14  1.09051582e-14  1.27129317e-14  1.14035955e-14  1.11925102e-14  9.73944679e-08 
 1.00000000e+00  1.00000000e+00  0.00000000e+00  0.00000000e+00  0.00000000e+00  0.00000000e+00  0.00000000e+00  1.00000000e+00  6.50881313e-08  6.52672763e-08  6.52672763e-05  9.63644522e-08  1.14312539e-14  1.08613456e-14  1.26904387e-14  1.13962916e-14  1.11904337e-14  9.73944549e-08 
 1.00000000e+00  0.00000000e+00  1.00000000e+00  0.00000000e+00  0.00000000e+00  0.00000000e+00  0.00000000e+00  1.00000000e+00  6.61689366e-08  6.62890240e-08  6.62890240e-05  1.16707919e-14  9.46372090e-08  1.08447342e-14  1.26777389e-14  1.13908732e-14  1.11886532e-14  9.73944432e-08 
 1.00000000e+00  1.00000000e+00  1.00000000e+00  0.00000000e+00  0.00000000e+00  0.00000000e+00  0.00000000e+00  1.00000000e+00  6.72847656e-08  6.73440460e-08  6.73440460e-05  9.63641714e-08  9.46369370e-08  1.08331589e-14  1.26679525e-14  1.13860687e-14  1.11869118e-14  9.73944314e-08 
 1.00000000e+00  0.00000000e+00  0.00000000e+00  1.00000000e+00  0.00000000e+00  0.00000000e+00  0.00000000e+00  1.00000000e+00  6.82741195e-08  6.82796205e-08  6.82796205e-05  1.16919917e-14  1.14326005e-14  9.21340883e-08  1.26609279e-14  1.13823027e-14  1.11854384e-14  9.73944210e-08 
 1.00000000e+00  1.00000000e+00  0.00000000e+00  1.00000000e+00  0.00000000e+00  0.00000000e+00  0.00000000e+00  1.00000000e+00  6.93900554e-08  6.93350444e-08  6.93350444e-05  9.63643005e-08  1.14106097e-14  9.21339312e-08  1.26542207e-14  1.13784728e-14  1.11838442e-14  9.73944095e-08 
 1.00000000e+00  0.00000000e+00  1.00000000e+00  1.00000000e+00  0.00000000e+00  0.00000000e+00  0.00000000e+00  1.00000000e+00  7.04115650e-08  7.03012962e-08  7.03012962e-05  1.16580713e-14  9.46369457e-08  9.21338079e-08  1.26488736e-14  1.13752824e-14  1.11824451e-14  9.73943991e-08 
 1.00000000e+00  1.00000000e+00  1.00000000e+00  1.00000000e+00  0.00000000e+00  0.00000000e+00  0.00000000e+00  1.00000000e+00  7.14465337e-08  7.12804059e-08  7.12804059e-05  9.63640645e-08  9.46367420e-08  9.21336976e-08  1.26440488e-14  1.13723063e-14  1.11810845e-14  9.73943888e-08 
 1.00000000e+00  0.00000000e+00  0.00000000e+00  0.00000000e+00  1.00000000e+00  0.00000000e+00  0.00000000e+00  1.00000000e+00  7.27088518e-08  7.24747623e-08  7.24747623e-05  1.17089160e-14  1.14497071e-14  1.08431378e-14  9.65739056e-08  1.13689511e-14  1.11794859e-14  9.73943763e-08 
 1.00000000e+00  1.00000000e+00  0.00000000e+00  0.00000000e+00  1.00000000e+00  0.00000000e+00  0.00000000e+00  1.00000000e+00  7.38187627e-08  7.35250649e-08  7.35250649e-05  9.63643657e-08  1.14185927e-14  1.08317675e-14  9.65738261e-08  1.13662300e-14  1.11781349e-14  9.73943655e-08 
 1.00000000e+00  0.00000000e+00  1.00000000e+00  0.00000000e+00  1.00000000e+00  0.00000000e+00  0.00000000e+00  1.00000000e+00  7.48264927e-08  7.44787909e-08  7.44787909e-05  1.16632994e-14  9.46370547e-08  1.08237660e-14  9.65737596e-08  1.13639147e-14  1.11769508e-14  9.73943558e-08 
 1.00000000e+00  1.00000000e+00  1.00000000e+00  0.00000000e+00  1.00000000e+00  0.00000000e+00  0.00000000e+00  1.00000000e+00  7.58593595e-08  7.54564188e-08  7.54564188e-05  9.63641118e-08  9.46368256e-08  1.08169124e-14  9.65736962e-08  1.13616857e-14  1.11757719e-14  9.73943460e-08 
 1.00000000e+00  0.00000000e+00  0.00000000e+00  1.00000000e+00  1.00000000e+00  0.00000000e+00  0.00000000e+00  1.00000000e+00  7.68055629e-08  7.63521156e-08  7.63521156e-05  1.16793679e-14  1.14196763e-14  9.21337949e-08  9.65736416e-08  1.13597437e-14  1.11747249e-14  9.73943371e-08 
 1.00000000e+00  1.00000000e+00  0.00000000e+00  1.00000000e+00  1.00000000e+00  0.00000000e+00  0.00000000e+00  1.00000000e+00  7.78372939e-08  7.73288784e-08  7.73288784e-05  9.63642317e-08  1.14030684e-14  9.21336820e-08  9.65735855e-08  1.13577323e-14  1.11736125e-14  9.73943275e-08 
 1.00000000e+00  0.00000000e+00  1.00000000e+00  1.00000000e+00  1.00000000e+00  0.00000000e+00  0.00000000e+00  1.00000000e+00  7.87971044e-08  7.82376473e-08  7.82376473e-05  1.16528708e-14  9.46368363e-08  9.21335875e-08  9.65735360e-08  1.13559495e-14  1.11726082e-14  9.73943187e-08 
 1.00000000e+00  1.00000000e+00  1.00000000e+00  1.00000000e+00  1.00000000e+00  0.00000000e+00  0.00000000e+00  1.00000000e+00  7.97678911e-08  7.91568997e-08  7.91568997e-05  9.63640138e-08  9.46366558e-08  9.21335004e-08  9.65734884e-08  1.13542190e-14  1.11716140e-14  9.73943099e-08 
 1.00000000e+00  0.00000000e+00  0.00000000e+00  0.00000000e+00  0.00000000e+00  1.00000000e+00  0.00000000e+00  1.00000000e+00  8.21580549e-08  8.14205600e-08  8.14205600e-05  1.17234020e-14  1.14642039e-14  1.08580916e-14  1.26570129e-14  1.07077891e-07  1.11692725e-14  9.73942886e-08 
 1.00000000e+00  1.00000000e+00  0.00000000e+00  0.00000000e+00  0.00000000e+00  1.00000000e+00  0.00000000e+00  1.00000000e+00  8.32814042e-08  8.24846340e-08  8.24846340e-05  9.63644020e-08  1.14235306e-14  1.08417699e-14  1.26507344e-14  1.07077852e-07  1.11682143e-14  9.73942788e-08 
 1.00000000e+00  0.00000000e+00  1.00000000e+00  0.00000000e+00  0.00000000e+00  1.00000000e+00  0.00000000e+00  1.00000000e+00  8.42985776e-08  8.34482311e-08  8.34482311e-05  1.16663670e-14  9.46371181e-08  1.08315095e-14  1.26457496e-14  1.07077818e-07  1.11672864e-14  9.73942700e-08 
 1.00000000e+00  1.00000000e+00  1.00000000e+00  0.00000000e+00  0.00000000e+00  1.00000000e+00  0.00000000e+00  1.00000000e+00  8.53371614e-08  8.44322033e-08  8.44322033e-05  9.63641372e-08  9.46368723e-08  1.08231839e-14  1.26411687e-14  1.07077784e-07  1.11663555e-14  9.73942611e-08 
 1.00000000e+00  0.00000000e+00  0.00000000e+00  1.00000000e+00  0.00000000e+00  1.00000000e+00  0.00000000e+00  1.00000000e+00  8.62745694e-08  8.53203986e-08  8.53203986e-05  1.16843116e-14  1.14247568e-14  9.21339109e-08  1.26373907e-14  1.07077755e-07  1.11655305e-14  9.73942532e-08 
 1.00000000e+00  1.00000000e+00  0.00000000e+00  1.00000000e+00  0.00000000e+00  1.00000000e+00  0.00000000e+00  1.00000000e+00  8.73133700e-08  8.63047490e-08  8.63047490e-05  9.63642610e-08  1.14061991e-14  9.21337827e-08  1.26335224e-14  1.07077724e-07  1.11646356e-14  9.73942445e-08 
 1.00000000e+00  0.00000000e+00  1.00000000e+00  1.00000000e+00  0.00000000e+00  1.00000000e+00  0.00000000e+00  1.00000000e+00  8.82733762e-08  8.72145137e-08  8.72145137e-05  1.16550650e-14  9.46368826e-08  9.21336779e-08  1.26301985e-14  1.07077695e-07  1.11638304e-14  9.73942366e-08 
 1.00000000e+00  1.00000000e+00  1.00000000e+00  1.00000000e+00  0.00000000e+00  1.00000000e+00  0.00000000e+00  1.00000000e+00  8.92416632e-08  8.81322010e-08  8.81322010e-05  9.63640357e-08  9.46366926e-08  9.21335823e-08  1.26270430e-14  1.07077668e-07  1.11630291e-14  9.73942286e-08 
 1.00000000e+00  0.00000000e+00  0.00000000e+00  0.00000000e+00  1.00000000e+00  1.00000000e+00  0.00000000e+00  1.00000000e+00  9.04950790e-08  8.93202269e-08  8.93202269e-05  1.16970276e-14  1.14377075e-14  1.08306165e-14  9.65736103e-08  1.07077633e-07  1.11620152e-14  9.73942185e-08 
 1.00000000e+00  1.00000000e+00  0.00000000e+00  0.00000000e+00  1.00000000e+00  1.00000000e+00  0.00000000e+00  1.00000000e+00  9.15365152e-08  9.03074248e-08  9.03074248e-05  9.63643233e-08  1.14132894e-14  1.08222945e-14  9.65735537e-08  1.07077605e-07  1.11611882e-14  9.73942101e-08 
 1.00000000e+00  0.00000000e+00  1.00000000e+00  0.00000000e+00  1.00000000e+00  1.00000000e+00  0.00000000e+00  1.00000000e+00  9.24854034e-08  9.12069665e-08  9.12069665e-05  1.16598827e-14  9.46369836e-08  1.08159500e-14  9.65735046e-08  1.07077580e-07  1.11604564e-14  9.73942026e-08 
 1.00000000e+00  1.00000000e+00  1.00000000e+00  0.00000000e+00  1.00000000e+00  1.00000000e+00  0.00000000e+00  1.00000000e+00  9.34519817e-08  9.21233476e-08  9.21233476e-05  9.63640816e-08  9.46367718e-08  1.08103215e-14  9.65734568e-08  1.07077555e-07  1.11597131e-14  9.73941950e-08 
 1.00000000e+00  0.00000000e+00  0.00000000e+00  1.00000000e+00  1.00000000e+00  1.00000000e+00  0.00000000e+00  1.00000000e+00  9.43545200e-08  9.29790766e-08  9.29790766e-05  1.16741466e-14  1.14142849e-14  9.21336706e-08  9.65734142e-08  1.07077532e-07  1.11590339e-14  9.73941879e-08 
 1.00000000e+00  1.00000000e+00  0.00000000e+00  1.00000000e+00  1.00000000e+00  1.00000000e+00  0.00000000e+00  1.00000000e+00  9.53295528e-08  9.39036071e-08  9.39036071e-05  9.63641974e-08  1.13995572e-14  9.21335723e-08  9.65733701e-08  1.07077508e-07  1.11583162e-14  9.73941804e-08 
 1.00000000e+00  0.00000000e+00  1.00000000e+00  1.00000000e+00  1.00000000e+00  1.00000000e+00  0.00000000e+00  1.00000000e+00  9.62389755e-08  9.47659870e-08  9.47659870e-05  1.16503652e-14  9.46367833e-08  9.21334882e-08  9.65733307e-08  1.07077486e-07  1.11576523e-14  9.73941734e-08 
 1.00000000e+00  1.00000000e+00  1.00000000e+00  1.00000000e+00  1.00000000e+00  1.00000000e+00  0.00000000e+00  1.00000000e+00  9.71547082e-08  9.56344097e-08  9.56344097e-05  9.63639880e-08  9.46366131e-08  9.21334096e-08  9.65732924e-08  1.07077465e-07  1.11569980e-14  9.73941665e-08 
 1.00000000e+00  0.00000000e+00  0.00000000e+00  0.00000000e+00  0.00000000e+00  0.00000000e+00  1.00000000e+00  1.00000000e+00  9.75099428e-08  9.59713074e-08  9.59713074e-05  1.17400371e-14  1.14807272e-14  1.08749804e-14  1.26772739e-14  1.13698653e-14  9.87636636e-08  9.73941638e-08 
 1.00000000e+00  1.00000000e+00  0.00000000e+00  0.00000000e+00  0.00000000e+00  0.00000000e+00  1.00000000e+00  1.00000000e+00  9.86526155e-08  9.70550555e-08  9.70550555e-05  9.63644286e-08  1.14274535e-14  1.08508835e-14  1.26671747e-14  1.13669808e-14  9.87636468e-08  9.73941552e-08 
 1.00000000e+00  0.00000000e+00  1.00000000e+00  0.00000000e+00  0.00000000e+00  0.00000000e+00  1.00000000e+00  1.00000000e+00  9.96840835e-08  9.80334101e-08  9.80334101e-05  1.16686661e-14  9.46371655e-08  1.08379845e-14  1.26598749e-14  1.13645593e-14  9.87636318e-08  9.73941476e-08 
 1.00000000e+00  1.00000000e+00  1.00000000e+00  0.00000000e+00  0.00000000e+00  0.00000000e+00  1.00000000e+00  1.00000000e+00  1.00746166e-07  9.90408776e-08  9.90408776e-05  9.63641554e-08  9.46369063e-08  1.08282062e-14  1.26534978e-14  1.13622222e-14  9.87636168e-08  9.73941397e-08 
 1.00000000e+00  0.00000000e+00  0.00000000e+00  1.00000000e+00  0.00000000e+00  0.00000000e+00  1.00000000e+00  1.00000000e+00  1.01695336e-07  9.99413023e-08  9.99413023e-05  1.16882153e-14  1.14287515e-14  9.21340015e-08  1.26484867e-14  1.13602441e-14  9.87636035e-08  9.73941328e-08 
 1.00000000e+00  1.00000000e+00  0.00000000e+00  1.00000000e+00  0.00000000e+00  0.00000000e+00  1.00000000e+00  1.00000000e+00  1.02755088e-07  1.00946700e-07  1.00946700e-04  9.63642820e-08  1.14085063e-14  9.21338594e-08  1.26434768e-14  1.13581512e-14  9.87635889e-08  9.73941251e-08 
 1.00000000e+00  0.00000000e+00  1.00000000e+00  1.00000000e+00  0.00000000e+00  0.00000000e+00  1.00000000e+00  1.00000000e+00  1.03728540e-07  1.01870287e-07  1.01870287e-04  1.16566512e-14  9.46369160e-08  9.21337455e-08  1.26393056e-14  1.13563197e-14  9.87635757e-08  9.73941182e-08 
 1.00000000e+00  1.00000000e+00  1.00000000e+00  1.00000000e+00  0.00000000e+00  0.00000000e+00  1.00000000e+00  1.00000000e+00  1.04714305e-07  1.02805620e-07  1.02805620e-04  9.63640511e-08  9.46367188e-08  9.21336426e-08  1.26354289e-14  1.13545450e-14  9.87635626e-08  9.73941112e-08 
 1.00000000e+00  0.00000000e+00  0.00000000e+00  0.00000000e+00  1.00000000e+00  0.00000000e+00  1.00000000e+00  1.00000000e+00  1.05959069e-07  1.03986787e-07  1.03986787e-04  1.17028881e-14  1.14436377e-14  1.08368169e-14  9.65737574e-08  1.13524034e-14  9.87635463e-08  9.73941024e-08 
 1.00000000e+00  1.00000000e+00  0.00000000e+00  0.00000000e+00  1.00000000e+00  0.00000000e+00  1.00000000e+00  1.00000000e+00  1.07024950e-07  1.04998288e-07  1.04998288e-04  9.63643459e-08  1.14160537e-14  1.08271099e-14  9.65736906e-08  1.13506549e-14  9.87635325e-08  9.73940950e-08 
 1.00000000e+00  0.00000000e+00  1.00000000e+00  0.00000000e+00  1.00000000e+00  0.00000000e+00  1.00000000e+00  1.00000000e+00  1.07994496e-07  1.05918430e-07  1.05918430e-04  1.16616883e-14  9.46370211e-08  1.08199852e-14  9.65736337e-08  1.13491260e-14  9.87635202e-08  9.73940882e-08 
 1.00000000e+00  1.00000000e+00  1.00000000e+00  0.00000000e+00  1.00000000e+00  0.00000000e+00  1.00000000e+00  1.00000000e+00  1.08986638e-07  1.06860075e-07  1.06860075e-04  9.63640978e-08  9.46368004e-08  1.08137559e-14  9.65735788e-08  1.13476088e-14  9.87635078e-08  9.73940814e-08 
 1.00000000e+00  0.00000000e+00  0.00000000e+00  1.00000000e+00  1.00000000e+00  0.00000000e+00  1.00000000e+00  1.00000000e+00  1.09903438e-07  1.07730266e-07  1.07730266e-04  1.16768762e-14  1.14171049e-14  9.21337358e-08  9.65735307e-08  1.13462563e-14  9.87634964e-08  9.73940752e-08 
 1.00000000e+00  1.00000000e+00  0.00000000e+00  1.00000000e+00  1.00000000e+00  0.00000000e+00  1.00000000e+00  1.00000000e+00  1.10897723e-07  1.08674059e-07  1.08674059e-04  9.63642158e-08  1.14014209e-14  9.21336302e-08  9.65734809e-08  1.13448336e-14  9.87634843e-08  9.73940685e-08 
 1.00000000e+00  0.00000000e+00  1.00000000e+00  1.00000000e+00  1.00000000e+00  0.00000000e+00  1.00000000e+00  1.00000000e+00  1.11821527e-07  1.09551003e-07  1.09551003e-04  1.16517039e-14  9.46368116e-08  9.21335408e-08  9.65734368e-08  1.13435499e-14  9.87634732e-08  9.73940623e-08 
 1.00000000e+00  1.00000000e+00  1.00000000e+00  1.00000000e+00  1.00000000e+00  0.00000000e+00  1.00000000e+00  1.00000000e+00  1.12753637e-07  1.10435882e-07  1.10435882e-04  9.63640019e-08  9.46366360e-08  9.21334578e-08  9.65733942e-08  1.13422943e-14  9.87634621e-08  9.73940561e-08 
 1.00000000e+00  0.00000000e+00  0.00000000e+00  0.00000000e+00  0.00000000e+00  1.00000000e+00  1.00000000e+00  1.00000000e+00  1.15190312e-07  1.12749325e-07  1.12749325e-04  1.17144100e-14  1.14552166e-14  1.08488445e-14  1.26457701e-14  1.07077643e-07  9.87634337e-08  9.73940401e-08 
 1.00000000e+00  1.00000000e+00  0.00000000e+00  0.00000000e+00  0.00000000e+00  1.00000000e+00  1.00000000e+00  1.00000000e+00  1.16271818e-07  1.13776243e-07  1.13776243e-04  9.63643814e-08  1.14206625e-14  1.08358053e-14  1.26409349e-14  1.07077613e-07  9.87634213e-08  9.73940330e-08 
 1.00000000e+00  0.00000000e+00  1.00000000e+00  0.00000000e+00  0.00000000e+00  1.00000000e+00  1.00000000e+00  1.00000000e+00  1.17252115e-07  1.14707118e-07  1.14707118e-04  1.16646121e-14  9.46370819e-08  1.08269806e-14  1.26369599e-14  1.07077587e-07  9.87634103e-08  9.73940267e-08 
 1.00000000e+00  1.00000000e+00  1.00000000e+00  0.00000000e+00  0.00000000e+00  1.00000000e+00  1.00000000e+00  1.00000000e+00  1.18254904e-07  1.15659406e-07  1.15659406e-04  9.63641229e-08  9.46368459e-08  1.08195677e-14  1.26332085e-14  1.07077561e-07  9.87633992e-08  9.73940203e-08 
 1.00000000e+00  0.00000000e+00  0.00000000e+00  1.00000000e+00  0.00000000e+00  1.00000000e+00  1.00000000e+00  1.00000000e+00  1.19165016e-07  1.16523731e-07  1.16523731e-04  1.16814765e-14  1.14218433e-14  9.21338445e-08  1.26300373e-14  1.07077538e-07  9.87633892e-08  9.73940146e-08 
 1.00000000e+00  1.00000000e+00  0.00000000e+00  1.00000000e+00  0.00000000e+00  1.00000000e+00  1.00000000e+00  1.00000000e+00  1.20163620e-07  1.17472150e-07  1.17472150e-04  9.63642446e-08  1.14044324e-14  9.21337255e-08  1.26267692e-14  1.07077513e-07  9.87633783e-08  9.73940083e-08 
 1.00000000e+00  0.00000000e+00  1.00000000e+00  1.00000000e+00  0.00000000e+00  1.00000000e+00  1.00000000e+00  1.00000000e+00  1.21090748e-07  1.18352733e-07  1.18352733e-04  1.16538316e-14  9.46368567e-08  9.21336269e-08  1.26239085e-14  1.07077490e-07  9.87633683e-08  9.73940025e-08 
 1.00000000e+00  1.00000000e+00  1.00000000e+00  1.00000000e+00  0.00000000e+00  1.00000000e+00  1.00000000e+00  1.00000000e+00  1.22026405e-07  1.19241464e-07  1.19241464e-04  9.63640236e-08  9.46366721e-08  9.21335364e-08  1.26211666e-14  1.07077467e-07  9.87633584e-08  9.73939967e-08 
 1.00000000e+00  0.00000000e+00  0.00000000e+00  0.00000000e+00  1.00000000e+00  1.00000000e+00  1.00000000e+00  1.00000000e+00  1.23260432e-07  1.20413673e-07  1.20413673e-04  1.16929537e-14  1.14335801e-14  1.08262657e-14  9.65735062e-08  1.07077438e-07  9.87633454e-08  9.73939890e-08 
 1.00000000e+00  1.00000000e+00  0.00000000e+00  0.00000000e+00  1.00000000e+00  1.00000000e+00  1.00000000e+00  1.00000000e+00  1.24271748e-07  1.21374388e-07  1.21374388e-04  9.63643056e-08  1.14111982e-14  1.08188057e-14  9.65734558e-08  1.07077415e-07  9.87633349e-08  9.73939829e-08 
 1.00000000e+00  0.00000000e+00  1.00000000e+00  0.00000000e+00  1.00000000e+00  1.00000000e+00  1.00000000e+00  1.00000000e+00  1.25198643e-07  1.22254952e-07  1.22254952e-04  1.16585005e-14  9.46369548e-08  1.08129771e-14  9.65734117e-08  1.07077395e-07  9.87633253e-08  9.73939772e-08 
 1.00000000e+00  1.00000000e+00  1.00000000e+00  0.00000000e+00  1.00000000e+00  1.00000000e+00  1.00000000e+00  1.00000000e+00  1.26139462e-07  1.23148792e-07  1.23148792e-04  9.63640689e-08  9.46367496e-08  1.08077492e-14  9.65733686e-08  1.07077374e-07  9.87633158e-08  9.73939716e-08 
 1.00000000e+00  0.00000000e+00  0.00000000e+00  1.00000000e+00  1.00000000e+00  1.00000000e+00  1.00000000e+00  1.00000000e+00  1.27022481e-07  1.23987759e-07  1.23987759e-04  1.16721095e-14  1.14121621e-14  9.21336214e-08  9.65733297e-08  1.07077355e-07  9.87633068e-08  9.73939662e-08 
 1.00000000e+00  1.00000000e+00  0.00000000e+00  1.00000000e+00  1.00000000e+00  1.00000000e+00  1.00000000e+00  1.00000000e+00  1.27972342e-07  1.24890278e-07  1.24890278e-04  9.63641829e-08  1.13981147e-14  9.21335283e-08  9.65732893e-08  1.07077335e-07  9.87632974e-08  9.73939606e-08 
 1.00000000e+00  0.00000000e+00  1.00000000e+00  1.00000000e+00  1.00000000e+00  1.00000000e+00  1.00000000e+00  1.00000000e+00  1.28859068e-07  1.25732851e-07  1.25732851e-04  1.16493294e-14  9.46367613e-08  9.21334480e-08  9.65732528e-08  1.07077316e-07  9.87632886e-08  9.73939553e-08 
 1.00000000e+00  1.00000000e+00  1.00000000e+00  1.00000000e+00  1.00000000e+00  1.00000000e+00  1.00000000e+00  1.00000000e+00  1.29752097e-07  1.26581453e-07  1.26581453e-04  9.63639770e-08  9.46365952e-08  9.21333726e-08  9.65732173e-08  1.07077298e-07  9.87632798e-08  9.73939501e-08 
