 yes             v(b0)           v(b1)           v(b2)           v(b3)           v(b4)           v(b5)           v(b6)           i(Vitest)       i(Viout)        v(Vout)         i(v.x3.vib0)    i(v.x3.vib1)    i(v.x3.vib2)    i(v.x3.vib3)    i(v.x3.vib4)    i(v.x3.vib5)    i(v.x3.vib6)   
 1.00000000e+00  0.00000000e+00  0.00000000e+00  0.00000000e+00  0.00000000e+00  0.00000000e+00  0.00000000e+00  0.00000000e+00  1.34494915e-11  2.64338080e-09  2.64338080e-06  4.20829603e-14  4.41885574e-14  4.60524963e-14  4.45840018e-14  4.56831569e-14  4.15934146e-14  4.50178908e-14 
 1.00000000e+00  1.00000000e+00  0.00000000e+00  0.00000000e+00  0.00000000e+00  0.00000000e+00  0.00000000e+00  0.00000000e+00  8.94303032e-09  9.44790933e-09  9.44790933e-06  8.88188633e-07  4.27003453e-14  4.46378235e-14  4.33327142e-14  4.45122037e-14  4.06130420e-14  4.40237767e-14 
 1.00000000e+00  0.00000000e+00  1.00000000e+00  0.00000000e+00  0.00000000e+00  0.00000000e+00  0.00000000e+00  0.00000000e+00  1.79798612e-08  1.74043177e-08  1.74043177e-05  4.06306915e-14  8.85943146e-07  4.45168756e-14  4.32196487e-14  4.43993835e-14  4.05124140e-14  4.39165518e-14 
 1.00000000e+00  1.00000000e+00  1.00000000e+00  0.00000000e+00  0.00000000e+00  0.00000000e+00  0.00000000e+00  0.00000000e+00  2.67483693e-08  2.54552857e-08  2.54552857e-05  8.88181492e-07  8.85936325e-07  4.44454682e-14  4.31534954e-14  4.43337805e-14  4.04541680e-14  4.38546866e-14 
 1.00000000e+00  0.00000000e+00  0.00000000e+00  1.00000000e+00  0.00000000e+00  0.00000000e+00  0.00000000e+00  0.00000000e+00  3.57964543e-08  3.39180115e-08  3.39180115e-05  4.07437911e-14  4.27033108e-14  8.75429370e-07  4.31039167e-14  4.42848541e-14  4.04108823e-14  4.38088287e-14 
 1.00000000e+00  1.00000000e+00  0.00000000e+00  1.00000000e+00  0.00000000e+00  0.00000000e+00  0.00000000e+00  0.00000000e+00  4.46264410e-08  4.22599222e-08  4.22599222e-05  8.88184805e-07  4.25820452e-14  8.75426018e-07  4.30657159e-14  4.42473182e-14  4.03777750e-14  4.37738319e-14 
 1.00000000e+00  0.00000000e+00  1.00000000e+00  1.00000000e+00  0.00000000e+00  0.00000000e+00  0.00000000e+00  0.00000000e+00  5.34317132e-08  5.06283410e-08  5.06283410e-05  4.05662756e-14  8.85936392e-07  8.75423210e-07  4.30340222e-14  4.42162975e-14  4.03504876e-14  4.37450437e-14 
 1.00000000e+00  1.00000000e+00  1.00000000e+00  1.00000000e+00  0.00000000e+00  0.00000000e+00  0.00000000e+00  0.00000000e+00  6.18401349e-08  5.86503625e-08  5.86503625e-05  8.88178807e-07  8.85931333e-07  8.75420879e-07  4.30079417e-14  4.41908623e-14  4.03281675e-14  4.37215373e-14 
 1.00000000e+00  0.00000000e+00  0.00000000e+00  0.00000000e+00  1.00000000e+00  0.00000000e+00  0.00000000e+00  0.00000000e+00  7.16778779e-08  6.80623391e-08  6.80623391e-05  4.08528804e-14  4.28218713e-14  4.45210843e-14  8.71330904e-07  4.41649162e-14  4.03054533e-14  4.36976572e-14 
 1.00000000e+00  1.00000000e+00  0.00000000e+00  0.00000000e+00  1.00000000e+00  0.00000000e+00  0.00000000e+00  0.00000000e+00  8.05341500e-08  7.65527898e-08  7.65527898e-05  8.88186651e-07  4.26328761e-14  4.44473869e-14  8.71329121e-07  4.41442504e-14  4.02874037e-14  4.36787132e-14 
 1.00000000e+00  0.00000000e+00  1.00000000e+00  0.00000000e+00  1.00000000e+00  0.00000000e+00  0.00000000e+00  0.00000000e+00  8.93443385e-08  8.50112555e-08  8.50112555e-05  4.05959535e-14  8.85939521e-07  4.43938963e-14  8.71327511e-07  4.41256844e-14  4.02712221e-14  4.36617551e-14 
 1.00000000e+00  1.00000000e+00  1.00000000e+00  0.00000000e+00  1.00000000e+00  0.00000000e+00  0.00000000e+00  0.00000000e+00  9.77828477e-08  9.31217621e-08  9.31217621e-05  8.88180129e-07  8.85933718e-07  4.43526488e-14  8.71326094e-07  4.41094236e-14  4.02570777e-14  4.36469530e-14 
 1.00000000e+00  0.00000000e+00  0.00000000e+00  1.00000000e+00  1.00000000e+00  0.00000000e+00  0.00000000e+00  0.00000000e+00  1.06615285e-07  1.01618347e-07  1.01618347e-04  4.06818693e-14  4.26353412e-14  8.75423324e-07  8.71324720e-07  4.40937326e-14  4.02434551e-14  4.36327163e-14 
 1.00000000e+00  1.00000000e+00  0.00000000e+00  1.00000000e+00  1.00000000e+00  0.00000000e+00  0.00000000e+00  0.00000000e+00  1.15047184e-07  1.09735501e-07  1.09735501e-04  8.88183209e-07  4.25435231e-14  8.75420902e-07  8.71323498e-07  4.40798289e-14  4.02314067e-14  4.36201415e-14 
 1.00000000e+00  0.00000000e+00  1.00000000e+00  1.00000000e+00  1.00000000e+00  0.00000000e+00  0.00000000e+00  0.00000000e+00  1.23546290e-07  1.17922267e-07  1.17922267e-04  4.05423078e-14  8.85933841e-07  8.75418746e-07  8.71322342e-07  4.40667277e-14  4.02200741e-14  4.36083285e-14 
 1.00000000e+00  1.00000000e+00  1.00000000e+00  1.00000000e+00  1.00000000e+00  0.00000000e+00  0.00000000e+00  0.00000000e+00  1.31598110e-07  1.25682141e-07  1.25682141e-04  8.88177642e-07  8.85929325e-07  8.75416904e-07  8.71321307e-07  4.40550535e-14  4.02099932e-14  4.35978329e-14 
 1.00000000e+00  0.00000000e+00  0.00000000e+00  0.00000000e+00  0.00000000e+00  1.00000000e+00  0.00000000e+00  0.00000000e+00  1.47374879e-07  1.40896499e-07  1.40896499e-04  4.09550521e-14  4.29319441e-14  4.46398614e-14  4.31017826e-14  8.89441269e-07  4.01918125e-14  4.35789358e-14 
 1.00000000e+00  1.00000000e+00  0.00000000e+00  0.00000000e+00  0.00000000e+00  1.00000000e+00  0.00000000e+00  0.00000000e+00  1.56237353e-07  1.49448006e-07  1.49448006e-04  8.88187603e-07  4.26630132e-14  4.45186616e-14  4.30634659e-14  8.89440292e-07  4.01823830e-14  4.35691515e-14 
 1.00000000e+00  0.00000000e+00  1.00000000e+00  0.00000000e+00  0.00000000e+00  1.00000000e+00  0.00000000e+00  0.00000000e+00  1.65055773e-07  1.57960228e-07  1.57960228e-04  4.06121911e-14  8.85941220e-07  4.44451352e-14  4.30319184e-14  8.89439368e-07  4.01734834e-14  4.35599279e-14 
 1.00000000e+00  1.00000000e+00  1.00000000e+00  0.00000000e+00  0.00000000e+00  1.00000000e+00  0.00000000e+00  0.00000000e+00  1.73527700e-07  1.66140852e-07  1.66140852e-04  8.88180789e-07  8.85934958e-07  4.43931266e-14  4.30057698e-14  8.89438520e-07  4.01653414e-14  4.35514990e-14 
 1.00000000e+00  0.00000000e+00  0.00000000e+00  1.00000000e+00  0.00000000e+00  1.00000000e+00  0.00000000e+00  0.00000000e+00  1.82353389e-07  1.74665939e-07  1.74665939e-04  4.07094958e-14  4.26657384e-14  8.75426043e-07  4.29816875e-14  8.89437675e-07  4.01572439e-14  4.35431256e-14 
 1.00000000e+00  1.00000000e+00  0.00000000e+00  1.00000000e+00  0.00000000e+00  1.00000000e+00  0.00000000e+00  0.00000000e+00  1.90851251e-07  1.82877045e-07  1.82877045e-04  8.88183979e-07  4.25616226e-14  8.75423247e-07  4.29608432e-14  8.89436894e-07  4.01497843e-14  4.35354204e-14 
 1.00000000e+00  0.00000000e+00  1.00000000e+00  1.00000000e+00  0.00000000e+00  1.00000000e+00  0.00000000e+00  0.00000000e+00  1.99339450e-07  1.91081385e-07  1.91081385e-04  4.05537594e-14  8.85935063e-07  8.75420817e-07  4.29418521e-14  8.89436144e-07  4.01426350e-14  4.35280435e-14 
 1.00000000e+00  1.00000000e+00  1.00000000e+00  1.00000000e+00  0.00000000e+00  1.00000000e+00  0.00000000e+00  0.00000000e+00  2.07361916e-07  1.98837895e-07  1.98837895e-04  8.88178208e-07  8.85930291e-07  8.75418769e-07  4.29252874e-14  8.89435461e-07  4.01361330e-14  4.35213414e-14 
 1.00000000e+00  0.00000000e+00  0.00000000e+00  0.00000000e+00  1.00000000e+00  1.00000000e+00  0.00000000e+00  0.00000000e+00  2.17143820e-07  2.08298551e-07  2.08298551e-04  4.07914540e-14  4.27552712e-14  4.44485688e-14  8.71324654e-07  8.89434658e-07  4.01285132e-14  4.35134957e-14 
 1.00000000e+00  1.00000000e+00  0.00000000e+00  0.00000000e+00  1.00000000e+00  1.00000000e+00  0.00000000e+00  0.00000000e+00  2.25622970e-07  2.16501928e-07  2.16501928e-04  8.88185749e-07  4.26070036e-14  4.43950102e-14  8.71323391e-07  8.89433987e-07  4.01221609e-14  4.35069623e-14 
 1.00000000e+00  0.00000000e+00  1.00000000e+00  0.00000000e+00  1.00000000e+00  1.00000000e+00  0.00000000e+00  0.00000000e+00  2.34059676e-07  2.24666723e-07  2.24666723e-04  4.05811865e-14  8.85937968e-07  4.43527552e-14  8.71322216e-07  8.89433341e-07  4.01160559e-14  4.35006896e-14 
 1.00000000e+00  1.00000000e+00  1.00000000e+00  0.00000000e+00  1.00000000e+00  1.00000000e+00  0.00000000e+00  0.00000000e+00  2.42157744e-07  2.32506129e-07  2.32506129e-04  8.88179493e-07  8.85932554e-07  4.43186106e-14  8.71321155e-07  8.89432739e-07  4.01103841e-14  4.34948676e-14 
 1.00000000e+00  0.00000000e+00  0.00000000e+00  1.00000000e+00  1.00000000e+00  1.00000000e+00  0.00000000e+00  0.00000000e+00  2.50756768e-07  2.40833005e-07  2.40833005e-04  4.06583414e-14  4.26093498e-14  8.75420980e-07  8.71320089e-07  8.89432119e-07  4.01045498e-14  4.34888848e-14 
 1.00000000e+00  1.00000000e+00  0.00000000e+00  1.00000000e+00  1.00000000e+00  1.00000000e+00  0.00000000e+00  0.00000000e+00  2.58878101e-07  2.48699706e-07  2.48699706e-04  8.88182480e-07  4.25270975e-14  8.75418845e-07  8.71319134e-07  8.89431550e-07  4.00992065e-14  4.34834107e-14 
 1.00000000e+00  0.00000000e+00  1.00000000e+00  1.00000000e+00  1.00000000e+00  1.00000000e+00  0.00000000e+00  0.00000000e+00  2.67034954e-07  2.56603173e-07  2.56603173e-04  4.05316749e-14  8.85932702e-07  8.75416901e-07  8.71318219e-07  8.89430994e-07  4.00939930e-14  4.34780745e-14 
 1.00000000e+00  1.00000000e+00  1.00000000e+00  1.00000000e+00  1.00000000e+00  1.00000000e+00  0.00000000e+00  0.00000000e+00  2.74756777e-07  2.64087322e-07  2.64087322e-04  8.88177097e-07  8.85928412e-07  8.75415219e-07  8.71317391e-07  8.89430480e-07  4.00891907e-14  4.34731637e-14 
 1.00000000e+00  0.00000000e+00  0.00000000e+00  0.00000000e+00  0.00000000e+00  0.00000000e+00  1.00000000e+00  0.00000000e+00  2.88954343e-07  2.77853538e-07  2.77853538e-04  4.10555792e-14  4.30396076e-14  4.47550831e-14  4.32173069e-14  4.41580919e-14  8.82853239e-07  4.34644672e-14 
 1.00000000e+00  1.00000000e+00  0.00000000e+00  0.00000000e+00  0.00000000e+00  0.00000000e+00  1.00000000e+00  0.00000000e+00  2.97896884e-07  2.86528184e-07  2.86528184e-04  8.88188107e-07  4.26805262e-14  4.45681105e-14  4.31504231e-14  4.41379380e-14  8.82852704e-07  4.34591954e-14 
 1.00000000e+00  0.00000000e+00  1.00000000e+00  0.00000000e+00  0.00000000e+00  0.00000000e+00  1.00000000e+00  0.00000000e+00  3.06847919e-07  2.95214045e-07  2.95214045e-04  4.06210861e-14  8.85942148e-07  4.44772211e-14  4.31020573e-14  4.41197605e-14  8.82852183e-07  4.34540669e-14 
 1.00000000e+00  1.00000000e+00  1.00000000e+00  0.00000000e+00  0.00000000e+00  0.00000000e+00  1.00000000e+00  0.00000000e+00  3.15479511e-07  3.03592777e-07  3.03592777e-04  8.88181134e-07  8.85935623e-07  4.44172986e-14  4.30648026e-14  4.41037375e-14  8.82851693e-07  4.34492540e-14 
 1.00000000e+00  0.00000000e+00  0.00000000e+00  1.00000000e+00  0.00000000e+00  0.00000000e+00  1.00000000e+00  0.00000000e+00  3.24368381e-07  3.12224205e-07  3.12224205e-04  4.07255484e-14  4.26833460e-14  8.75427606e-07  4.30325751e-14  4.40885029e-14  8.82851201e-07  4.34444265e-14 
 1.00000000e+00  1.00000000e+00  0.00000000e+00  1.00000000e+00  0.00000000e+00  0.00000000e+00  1.00000000e+00  0.00000000e+00  3.32968233e-07  3.20577868e-07  3.20577868e-04  8.88184382e-07  4.25714439e-14  8.75424561e-07  4.30056930e-14  4.40747896e-14  8.82850737e-07  4.34398739e-14 
 1.00000000e+00  0.00000000e+00  1.00000000e+00  1.00000000e+00  0.00000000e+00  0.00000000e+00  1.00000000e+00  0.00000000e+00  3.41575463e-07  3.28941566e-07  3.28941566e-04  4.05598293e-14  8.85935708e-07  8.75421959e-07  4.29820667e-14  4.40619266e-14  8.82850282e-07  4.34354276e-14 
 1.00000000e+00  1.00000000e+00  1.00000000e+00  1.00000000e+00  0.00000000e+00  0.00000000e+00  1.00000000e+00  0.00000000e+00  3.49758827e-07  3.36896075e-07  3.36896075e-04  8.88178501e-07  8.85930798e-07  8.75419782e-07  4.29619243e-14  4.40503919e-14  8.82849860e-07  4.34312976e-14 
 1.00000000e+00  0.00000000e+00  0.00000000e+00  0.00000000e+00  1.00000000e+00  0.00000000e+00  1.00000000e+00  0.00000000e+00  3.59552383e-07  3.46419219e-07  3.46419219e-04  4.08188603e-14  4.27850318e-14  4.44810442e-14  8.71327468e-07  4.40373653e-14  8.82849366e-07  4.34264736e-14 
 1.00000000e+00  1.00000000e+00  0.00000000e+00  0.00000000e+00  1.00000000e+00  0.00000000e+00  1.00000000e+00  0.00000000e+00  3.68199177e-07  3.54830440e-07  3.54830440e-04  8.88186190e-07  4.26193775e-14  4.44192130e-14  8.71325999e-07  4.40264852e-14  8.82848939e-07  4.34223168e-14 
 1.00000000e+00  0.00000000e+00  1.00000000e+00  0.00000000e+00  1.00000000e+00  0.00000000e+00  1.00000000e+00  0.00000000e+00  3.76777688e-07  3.63178208e-07  3.63178208e-04  4.05883288e-14  8.85938720e-07  4.43721370e-14  8.71324648e-07  4.40162024e-14  8.82848525e-07  4.34182831e-14 
 1.00000000e+00  1.00000000e+00  1.00000000e+00  0.00000000e+00  1.00000000e+00  0.00000000e+00  1.00000000e+00  0.00000000e+00  3.84995337e-07  3.71177616e-07  3.71177616e-04  8.88179806e-07  8.85933122e-07  4.43348275e-14  8.71323439e-07  4.40067822e-14  8.82848136e-07  4.34144997e-14 
 1.00000000e+00  0.00000000e+00  0.00000000e+00  1.00000000e+00  1.00000000e+00  0.00000000e+00  1.00000000e+00  0.00000000e+00  3.93644640e-07  3.79600194e-07  3.79600194e-04  4.06696087e-14  4.26218095e-14  8.75422106e-07  8.71322243e-07  4.39972793e-14  8.82847734e-07  4.34105992e-14 
 1.00000000e+00  1.00000000e+00  0.00000000e+00  1.00000000e+00  1.00000000e+00  0.00000000e+00  1.00000000e+00  0.00000000e+00  4.01818510e-07  3.87562632e-07  3.87562632e-04  8.88182838e-07  4.25350755e-14  8.75419837e-07  8.71321177e-07  4.39886530e-14  8.82847362e-07  4.34069869e-14 
 1.00000000e+00  0.00000000e+00  1.00000000e+00  1.00000000e+00  1.00000000e+00  0.00000000e+00  1.00000000e+00  0.00000000e+00  4.10034848e-07  3.95569230e-07  3.95569230e-04  4.05368611e-14  8.85933258e-07  8.75417792e-07  8.71320159e-07  4.39802998e-14  8.82846994e-07  4.34034251e-14 
 1.00000000e+00  1.00000000e+00  1.00000000e+00  1.00000000e+00  1.00000000e+00  0.00000000e+00  1.00000000e+00  0.00000000e+00  4.17816406e-07  4.03154745e-07  4.03154745e-04  8.88177365e-07  8.85928860e-07  8.75416035e-07  8.71319240e-07  4.39726601e-14  8.82846652e-07  4.34001135e-14 
 1.00000000e+00  0.00000000e+00  0.00000000e+00  0.00000000e+00  0.00000000e+00  1.00000000e+00  1.00000000e+00  0.00000000e+00  4.33913890e-07  4.18854771e-07  4.18854771e-04  4.08952999e-14  4.28676654e-14  4.45706416e-14  4.30317543e-14  8.89434453e-07  8.82845962e-07  4.33934437e-14 
 1.00000000e+00  1.00000000e+00  0.00000000e+00  0.00000000e+00  0.00000000e+00  1.00000000e+00  1.00000000e+00  0.00000000e+00  4.42519009e-07  4.27251934e-07  4.27251934e-04  8.88187117e-07  4.26471973e-14  4.44796050e-14  4.30046515e-14  8.89433768e-07  8.82845602e-07  4.33899735e-14 
 1.00000000e+00  0.00000000e+00  1.00000000e+00  0.00000000e+00  0.00000000e+00  1.00000000e+00  1.00000000e+00  0.00000000e+00  4.51113268e-07  4.35641663e-07  4.35641663e-04  4.06038512e-14  8.85940349e-07  4.44178538e-14  4.29809570e-14  8.89433106e-07  8.82845249e-07  4.33865707e-14 
 1.00000000e+00  1.00000000e+00  1.00000000e+00  0.00000000e+00  0.00000000e+00  1.00000000e+00  1.00000000e+00  0.00000000e+00  4.59333314e-07  4.43669057e-07  4.43669057e-04  8.88180455e-07  8.85934326e-07  4.43718708e-14  4.29606559e-14  8.89432493e-07  8.82844917e-07  4.33833727e-14 
 1.00000000e+00  0.00000000e+00  0.00000000e+00  1.00000000e+00  0.00000000e+00  1.00000000e+00  1.00000000e+00  0.00000000e+00  4.67927634e-07  4.52065081e-07  4.52065081e-04  4.06950836e-14  4.26498964e-14  8.75424629e-07  4.29413623e-14  8.89431872e-07  8.82844575e-07  4.33800864e-14 
 1.00000000e+00  1.00000000e+00  0.00000000e+00  1.00000000e+00  0.00000000e+00  1.00000000e+00  1.00000000e+00  0.00000000e+00  4.76191058e-07  4.60140874e-07  4.60140874e-04  8.88183591e-07  4.25523834e-14  8.75422039e-07  4.29243201e-14  8.89431292e-07  8.82844251e-07  4.33769798e-14 
 1.00000000e+00  0.00000000e+00  1.00000000e+00  1.00000000e+00  0.00000000e+00  1.00000000e+00  1.00000000e+00  0.00000000e+00  4.84484203e-07  4.68248714e-07  4.68248714e-04  4.05479674e-14  8.85934445e-07  8.75419757e-07  4.29084493e-14  8.89430727e-07  8.82843932e-07  4.33739126e-14 
 1.00000000e+00  1.00000000e+00  1.00000000e+00  1.00000000e+00  0.00000000e+00  1.00000000e+00  1.00000000e+00  0.00000000e+00  4.92326099e-07  4.75918167e-07  4.75918167e-04  8.88177925e-07  8.85929805e-07  8.75417821e-07  4.28944067e-14  8.89430206e-07  8.82843634e-07  4.33710575e-14 
 1.00000000e+00  0.00000000e+00  0.00000000e+00  0.00000000e+00  1.00000000e+00  1.00000000e+00  1.00000000e+00  0.00000000e+00  5.02066120e-07  4.85447785e-07  4.85447785e-04  4.07684273e-14  4.27302027e-14  4.44211126e-14  8.71322253e-07  8.89429576e-07  8.82843269e-07  4.33675704e-14 
 1.00000000e+00  1.00000000e+00  0.00000000e+00  0.00000000e+00  1.00000000e+00  1.00000000e+00  1.00000000e+00  0.00000000e+00  5.10384684e-07  4.93589983e-07  4.93589983e-04  8.88185326e-07  4.25955998e-14  4.43738015e-14  8.71321149e-07  8.89429053e-07  8.82842963e-07  4.33646422e-14 
 1.00000000e+00  0.00000000e+00  1.00000000e+00  0.00000000e+00  1.00000000e+00  1.00000000e+00  1.00000000e+00  0.00000000e+00  5.18642438e-07  5.01675708e-07  5.01675708e-04  4.05745067e-14  8.85937263e-07  4.43353669e-14  8.71320109e-07  8.89428547e-07  8.82842663e-07  4.33617795e-14 
 1.00000000e+00  1.00000000e+00  1.00000000e+00  0.00000000e+00  1.00000000e+00  1.00000000e+00  1.00000000e+00  0.00000000e+00  5.26528091e-07  5.09399931e-07  5.09399931e-04  8.88179193e-07  8.85932015e-07  4.43038492e-14  8.71319161e-07  8.89428074e-07  8.82842381e-07  4.33590855e-14 
 1.00000000e+00  0.00000000e+00  0.00000000e+00  1.00000000e+00  1.00000000e+00  1.00000000e+00  1.00000000e+00  0.00000000e+00  5.34926547e-07  5.17629528e-07  5.17629528e-04  4.06480261e-14  4.25979215e-14  8.75419942e-07  8.71318196e-07  8.89427582e-07  8.82842084e-07  4.33562577e-14 
 1.00000000e+00  1.00000000e+00  0.00000000e+00  1.00000000e+00  1.00000000e+00  1.00000000e+00  1.00000000e+00  0.00000000e+00  5.42827984e-07  5.25375002e-07  5.25375002e-04  8.88182137e-07  4.25195862e-14  8.75417923e-07  8.71317328e-07  8.89427129e-07  8.82841809e-07  4.33536351e-14 
 1.00000000e+00  0.00000000e+00  1.00000000e+00  1.00000000e+00  1.00000000e+00  1.00000000e+00  1.00000000e+00  0.00000000e+00  5.50780325e-07  5.33173225e-07  5.33173225e-04  4.05267618e-14  8.85932174e-07  8.75416070e-07  8.71316490e-07  8.89426682e-07  8.82841535e-07  4.33510315e-14 
 1.00000000e+00  1.00000000e+00  1.00000000e+00  1.00000000e+00  1.00000000e+00  1.00000000e+00  1.00000000e+00  0.00000000e+00  5.58290045e-07  5.40540038e-07  5.40540038e-04  8.88176839e-07  8.85927986e-07  8.75414456e-07  8.71315731e-07  8.89426269e-07  8.82841280e-07  4.33486051e-14 
 1.00000000e+00  0.00000000e+00  0.00000000e+00  0.00000000e+00  0.00000000e+00  0.00000000e+00  0.00000000e+00  1.00000000e+00  5.76780090e-07  5.58689177e-07  5.58689177e-04  4.11524878e-14  4.31429676e-14  4.48650443e-14  4.33266507e-14  4.42741642e-14  4.01915965e-14  8.79129647e-07 
 1.00000000e+00  1.00000000e+00  0.00000000e+00  0.00000000e+00  0.00000000e+00  0.00000000e+00  0.00000000e+00  1.00000000e+00  5.85909276e-07  5.67655816e-07  5.67655816e-04  8.88188363e-07  4.26899387e-14  4.45987425e-14  4.32168740e-14  4.42379408e-14  4.01821024e-14  8.79129404e-07 
 1.00000000e+00  0.00000000e+00  1.00000000e+00  0.00000000e+00  0.00000000e+00  0.00000000e+00  0.00000000e+00  1.00000000e+00  5.95073475e-07  5.76660699e-07  5.76660699e-04  4.06257142e-14  8.85942629e-07  4.44955371e-14  4.31499101e-14  4.42078970e-14  4.01730991e-14  8.79129165e-07 
 1.00000000e+00  1.00000000e+00  1.00000000e+00  0.00000000e+00  0.00000000e+00  0.00000000e+00  0.00000000e+00  1.00000000e+00  6.03914100e-07  5.85351303e-07  5.85351303e-04  8.88181308e-07  8.85935962e-07  4.44305157e-14  4.31026008e-14  4.41829663e-14  4.01648543e-14  8.79128937e-07 
 1.00000000e+00  0.00000000e+00  0.00000000e+00  1.00000000e+00  0.00000000e+00  0.00000000e+00  0.00000000e+00  1.00000000e+00  6.13072005e-07  5.94357615e-07  5.94357615e-04  4.07341819e-14  4.26928002e-14  8.75428442e-07  4.30638951e-14  4.41601985e-14  4.01567188e-14  8.79128704e-07 
 1.00000000e+00  1.00000000e+00  0.00000000e+00  1.00000000e+00  0.00000000e+00  0.00000000e+00  0.00000000e+00  1.00000000e+00  6.21973824e-07  6.03115809e-07  6.03115809e-04  8.88184587e-07  4.25765444e-14  8.75425257e-07  4.30325802e-14  4.41403585e-14  4.01491650e-14  8.79128480e-07 
 1.00000000e+00  0.00000000e+00  1.00000000e+00  1.00000000e+00  0.00000000e+00  0.00000000e+00  0.00000000e+00  1.00000000e+00  6.30841557e-07  6.11844132e-07  6.11844132e-04  4.05629468e-14  8.85936039e-07  8.75422558e-07  4.30056655e-14  4.41223813e-14  4.01419534e-14  8.79128261e-07 
 1.00000000e+00  1.00000000e+00  1.00000000e+00  1.00000000e+00  0.00000000e+00  0.00000000e+00  0.00000000e+00  1.00000000e+00  6.39266512e-07  6.20140036e-07  6.20140036e-04  8.88178650e-07  8.85931057e-07  8.75420309e-07  4.29830343e-14  4.41066590e-14  4.01353653e-14  8.79128055e-07 
 1.00000000e+00  0.00000000e+00  0.00000000e+00  0.00000000e+00  1.00000000e+00  0.00000000e+00  0.00000000e+00  1.00000000e+00  6.49211512e-07  6.29936974e-07  6.29936974e-04  4.08345346e-14  4.28020185e-14  4.44995275e-14  8.71329059e-07  4.40895178e-14  4.01278898e-14  8.79127815e-07 
 1.00000000e+00  1.00000000e+00  0.00000000e+00  0.00000000e+00  1.00000000e+00  0.00000000e+00  0.00000000e+00  1.00000000e+00  6.58064272e-07  6.38661835e-07  6.38661835e-04  8.88186414e-07  4.26258401e-14  4.44324427e-14  8.71327452e-07  4.40753689e-14  4.01214866e-14  8.79127604e-07 
 1.00000000e+00  0.00000000e+00  1.00000000e+00  0.00000000e+00  1.00000000e+00  0.00000000e+00  0.00000000e+00  1.00000000e+00  6.66869944e-07  6.47343943e-07  6.47343943e-04  4.05919986e-14  8.85939106e-07  4.43824595e-14  8.71325987e-07  4.40622394e-14  4.01153334e-14  8.79127397e-07 
 1.00000000e+00  1.00000000e+00  1.00000000e+00  0.00000000e+00  1.00000000e+00  0.00000000e+00  0.00000000e+00  1.00000000e+00  6.75318771e-07  6.55677648e-07  6.55677648e-04  8.88179963e-07  8.85933410e-07  4.43433313e-14  8.71324685e-07  4.40504094e-14  4.01096170e-14  8.79127200e-07 
 1.00000000e+00  0.00000000e+00  0.00000000e+00  1.00000000e+00  1.00000000e+00  0.00000000e+00  0.00000000e+00  1.00000000e+00  6.84196970e-07  6.64438509e-07  6.64438509e-04  4.06754753e-14  4.26282877e-14  8.75422690e-07  8.71323409e-07  4.40386831e-14  4.01037942e-14  8.79126996e-07 
 1.00000000e+00  1.00000000e+00  0.00000000e+00  1.00000000e+00  1.00000000e+00  0.00000000e+00  0.00000000e+00  1.00000000e+00  6.92624581e-07  6.72758189e-07  6.72758189e-04  8.88183018e-07  4.25391440e-14  8.75420348e-07  8.71322274e-07  4.40281407e-14  4.00984297e-14  8.79126805e-07 
 1.00000000e+00  0.00000000e+00  1.00000000e+00  1.00000000e+00  1.00000000e+00  0.00000000e+00  0.00000000e+00  1.00000000e+00  7.01122215e-07  6.81150408e-07  6.81150408e-04  4.05394932e-14  8.85933540e-07  8.75418250e-07  8.71321193e-07  4.40180265e-14  4.00931710e-14  8.79126614e-07 
 1.00000000e+00  1.00000000e+00  1.00000000e+00  1.00000000e+00  1.00000000e+00  0.00000000e+00  0.00000000e+00  1.00000000e+00  7.09174753e-07  6.89106221e-07  6.89106221e-04  8.88177499e-07  8.85929085e-07  8.75416454e-07  8.71320222e-07  4.40088714e-14  4.00883186e-14  8.79126435e-07 
 1.00000000e+00  0.00000000e+00  0.00000000e+00  0.00000000e+00  0.00000000e+00  1.00000000e+00  0.00000000e+00  1.00000000e+00  7.25413241e-07  7.05159064e-07  7.05159064e-04  4.09216234e-14  4.28960132e-14  4.46012139e-14  4.30627521e-14  8.89437487e-07  4.00788925e-14  8.79126080e-07 
 1.00000000e+00  1.00000000e+00  0.00000000e+00  0.00000000e+00  0.00000000e+00  1.00000000e+00  0.00000000e+00  1.00000000e+00  7.34298440e-07  7.13948022e-07  7.13948022e-04  8.88187353e-07  4.26547478e-14  4.44977221e-14  4.30311808e-14  8.89436689e-07  4.00739232e-14  8.79125889e-07 
 1.00000000e+00  0.00000000e+00  1.00000000e+00  0.00000000e+00  0.00000000e+00  1.00000000e+00  0.00000000e+00  1.00000000e+00  7.43152856e-07  7.22710298e-07  7.22710298e-04  4.06078822e-14  8.85940770e-07  4.44307526e-14  4.30042315e-14  8.89435924e-07  4.00690943e-14  8.79125700e-07 
 1.00000000e+00  1.00000000e+00  1.00000000e+00  0.00000000e+00  0.00000000e+00  1.00000000e+00  0.00000000e+00  1.00000000e+00  7.51613554e-07  7.31086474e-07  7.31086474e-04  8.88180617e-07  8.85934632e-07  4.43819808e-14  4.29814978e-14  8.89435219e-07  4.00645888e-14  8.79125522e-07 
 1.00000000e+00  0.00000000e+00  0.00000000e+00  1.00000000e+00  0.00000000e+00  1.00000000e+00  0.00000000e+00  1.00000000e+00  7.60452418e-07  7.39840723e-07  7.39840723e-04  4.07019737e-14  4.26574742e-14  8.75425306e-07  4.29601401e-14  8.89434508e-07  4.00599896e-14  8.79125338e-07 
 1.00000000e+00  1.00000000e+00  0.00000000e+00  1.00000000e+00  0.00000000e+00  1.00000000e+00  0.00000000e+00  1.00000000e+00  7.68948699e-07  7.48259225e-07  7.48259225e-04  8.88183780e-07  4.25568534e-14  8.75422621e-07  4.29414367e-14  8.89433846e-07  4.00556672e-14  8.79125162e-07 
 1.00000000e+00  0.00000000e+00  1.00000000e+00  1.00000000e+00  0.00000000e+00  1.00000000e+00  0.00000000e+00  1.00000000e+00  7.77448220e-07  7.56684435e-07  7.56684435e-04  4.05507825e-14  8.85934746e-07  8.75420269e-07  4.29241870e-14  8.89433205e-07  4.00514351e-14  8.79124989e-07 
 1.00000000e+00  1.00000000e+00  1.00000000e+00  1.00000000e+00  0.00000000e+00  1.00000000e+00  0.00000000e+00  1.00000000e+00  7.85474886e-07  7.64644141e-07  7.64644141e-04  8.88178063e-07  8.85930042e-07  8.75418280e-07  4.29090217e-14  8.89432617e-07  4.00475192e-14  8.79124826e-07 
 1.00000000e+00  0.00000000e+00  0.00000000e+00  0.00000000e+00  1.00000000e+00  1.00000000e+00  0.00000000e+00  1.00000000e+00  7.95350164e-07  7.74441338e-07  7.74441338e-04  4.07793321e-14  4.27420820e-14  4.44341355e-14  8.71323394e-07  8.89431915e-07  4.00428040e-14  8.79124629e-07 
 1.00000000e+00  1.00000000e+00  0.00000000e+00  0.00000000e+00  1.00000000e+00  1.00000000e+00  0.00000000e+00  1.00000000e+00  8.03825923e-07  7.82853872e-07  7.82853872e-04  8.88185533e-07  4.26011229e-14  4.43839553e-14  8.71322218e-07  8.89431331e-07  4.00388431e-14  8.79124461e-07 
 1.00000000e+00  0.00000000e+00  1.00000000e+00  0.00000000e+00  1.00000000e+00  1.00000000e+00  0.00000000e+00  1.00000000e+00  8.12222555e-07  7.91191333e-07  7.91191333e-04  4.05777528e-14  8.85937606e-07  4.43437348e-14  8.71321115e-07  8.89430767e-07  4.00349942e-14  8.79124296e-07 
 1.00000000e+00  1.00000000e+00  1.00000000e+00  0.00000000e+00  1.00000000e+00  1.00000000e+00  0.00000000e+00  1.00000000e+00  8.20248935e-07  7.99164380e-07  7.99164380e-04  8.88179339e-07  8.85932278e-07  4.43109706e-14  8.71320114e-07  8.89430242e-07  4.00313818e-14  8.79124140e-07 
 1.00000000e+00  0.00000000e+00  0.00000000e+00  1.00000000e+00  1.00000000e+00  1.00000000e+00  0.00000000e+00  1.00000000e+00  8.28794500e-07  8.07656643e-07  8.07656643e-04  4.06530076e-14  4.26034430e-14  8.75420444e-07  8.71319102e-07  8.89429696e-07  4.00276048e-14  8.79123975e-07 
 1.00000000e+00  1.00000000e+00  0.00000000e+00  1.00000000e+00  1.00000000e+00  1.00000000e+00  0.00000000e+00  1.00000000e+00  8.36853564e-07  8.15668733e-07  8.15668733e-04  8.88182305e-07  4.25232391e-14  8.75418370e-07  8.71318193e-07  8.89429193e-07  4.00241055e-14  8.79123822e-07 
 1.00000000e+00  0.00000000e+00  1.00000000e+00  1.00000000e+00  1.00000000e+00  1.00000000e+00  0.00000000e+00  1.00000000e+00  8.44950460e-07  8.23721665e-07  8.23721665e-04  4.05291578e-14  8.85932431e-07  8.75416474e-07  8.71317320e-07  8.89428699e-07  4.00206488e-14  8.79123668e-07 
 1.00000000e+00  1.00000000e+00  1.00000000e+00  1.00000000e+00  1.00000000e+00  1.00000000e+00  0.00000000e+00  1.00000000e+00  8.52593459e-07  8.31326142e-07  8.31326142e-04  8.88176965e-07  8.85928194e-07  8.75414826e-07  8.71316529e-07  8.89428243e-07  4.00174381e-14  8.79123525e-07 
 1.00000000e+00  0.00000000e+00  0.00000000e+00  0.00000000e+00  0.00000000e+00  0.00000000e+00  1.00000000e+00  1.00000000e+00  8.68586066e-07  8.47247534e-07  8.47247534e-04  4.09968286e-14  4.29767513e-14  4.46879123e-14  4.31500986e-14  4.40861006e-14  8.82845993e-07  8.79123229e-07 
 1.00000000e+00  1.00000000e+00  0.00000000e+00  0.00000000e+00  0.00000000e+00  0.00000000e+00  1.00000000e+00  1.00000000e+00  8.77514596e-07  8.56141855e-07  8.56141855e-04  8.88187853e-07  4.26715238e-14  4.45416930e-14  4.31016399e-14  4.40720695e-14  8.82845621e-07  8.79123065e-07 
 1.00000000e+00  0.00000000e+00  1.00000000e+00  0.00000000e+00  0.00000000e+00  0.00000000e+00  1.00000000e+00  1.00000000e+00  8.86403106e-07  8.65000275e-07  8.65000275e-04  4.06165541e-14  8.85941675e-07  4.44604247e-14  4.30636950e-14  4.40590395e-14  8.82845256e-07  8.79122904e-07 
 1.00000000e+00  1.00000000e+00  1.00000000e+00  0.00000000e+00  0.00000000e+00  0.00000000e+00  1.00000000e+00  1.00000000e+00  8.94992661e-07  8.73564523e-07  8.73564523e-04  8.88180960e-07  8.85935287e-07  4.44048171e-14  4.30330358e-14  4.40472171e-14  8.82844910e-07  8.79122750e-07 
 1.00000000e+00  0.00000000e+00  0.00000000e+00  1.00000000e+00  0.00000000e+00  0.00000000e+00  1.00000000e+00  1.00000000e+00  9.03895864e-07  8.82445423e-07  8.82445423e-04  4.07173273e-14  4.26743334e-14  8.75426807e-07  4.30055443e-14  4.40356538e-14  8.82844557e-07  8.79122592e-07 
 1.00000000e+00  1.00000000e+00  0.00000000e+00  1.00000000e+00  0.00000000e+00  0.00000000e+00  1.00000000e+00  1.00000000e+00  9.12478419e-07  8.91010275e-07  8.91010275e-04  8.88184180e-07  4.25664840e-14  8.75423894e-07  4.29820961e-14  4.40250907e-14  8.82844223e-07  8.79122440e-07 
 1.00000000e+00  0.00000000e+00  1.00000000e+00  1.00000000e+00  0.00000000e+00  0.00000000e+00  1.00000000e+00  1.00000000e+00  9.21031040e-07  8.99548977e-07  8.99548977e-04  4.05567761e-14  8.85935384e-07  8.75421380e-07  4.29610364e-14  4.40150693e-14  8.82843895e-07  8.79122291e-07 
 1.00000000e+00  1.00000000e+00  1.00000000e+00  1.00000000e+00  0.00000000e+00  0.00000000e+00  1.00000000e+00  1.00000000e+00  9.29131168e-07  9.07639360e-07  9.07639360e-04  8.88178355e-07  8.85930544e-07  8.75419270e-07  4.29428491e-14  4.40059944e-14  8.82843590e-07  8.79122150e-07 
 1.00000000e+00  0.00000000e+00  0.00000000e+00  0.00000000e+00  1.00000000e+00  0.00000000e+00  1.00000000e+00  1.00000000e+00  9.38952754e-07  9.17453636e-07  9.17453636e-04  4.08046192e-14  4.27695772e-14  4.44641952e-14  8.71326011e-07  4.39954786e-14  8.82843225e-07  8.79121981e-07 
 1.00000000e+00  1.00000000e+00  0.00000000e+00  0.00000000e+00  1.00000000e+00  0.00000000e+00  1.00000000e+00  1.00000000e+00  9.47560067e-07  9.26058620e-07  9.26058620e-04  8.88185969e-07  4.26131270e-14  4.44068165e-14  8.71324656e-07  4.39866602e-14  8.82842910e-07  8.79121834e-07 
 1.00000000e+00  0.00000000e+00  1.00000000e+00  0.00000000e+00  1.00000000e+00  0.00000000e+00  1.00000000e+00  1.00000000e+00  9.56110420e-07  9.34610446e-07  9.34610446e-04  4.05847440e-14  8.85938343e-07  4.43622989e-14  8.71323402e-07  4.39782333e-14  8.82842603e-07  8.79121690e-07 
 1.00000000e+00  1.00000000e+00  1.00000000e+00  0.00000000e+00  1.00000000e+00  0.00000000e+00  1.00000000e+00  1.00000000e+00  9.64310200e-07  9.42815201e-07  9.42815201e-04  8.88179650e-07  8.85932838e-07  4.43266453e-14  8.71322273e-07  4.39704382e-14  8.82842312e-07  8.79121552e-07 
 1.00000000e+00  0.00000000e+00  0.00000000e+00  1.00000000e+00  1.00000000e+00  0.00000000e+00  1.00000000e+00  1.00000000e+00  9.72977566e-07  9.51491634e-07  9.51491634e-04  4.06639438e-14  4.26155481e-14  8.75421541e-07  8.71321148e-07  4.39624791e-14  8.82842008e-07  8.79121408e-07 
 1.00000000e+00  1.00000000e+00  0.00000000e+00  1.00000000e+00  1.00000000e+00  0.00000000e+00  1.00000000e+00  1.00000000e+00  9.81163458e-07  9.59689700e-07  9.59689700e-04  8.88182660e-07  4.25311001e-14  8.75419341e-07  8.71320141e-07  4.39552070e-14  8.82841726e-07  8.79121273e-07 
 1.00000000e+00  0.00000000e+00  1.00000000e+00  1.00000000e+00  1.00000000e+00  0.00000000e+00  1.00000000e+00  1.00000000e+00  9.89378751e-07  9.67920753e-07  9.67920753e-04  4.05342826e-14  8.85932982e-07  8.75417347e-07  8.71319180e-07  4.39481311e-14  8.82841446e-07  8.79121138e-07 
 1.00000000e+00  1.00000000e+00  1.00000000e+00  1.00000000e+00  1.00000000e+00  0.00000000e+00  1.00000000e+00  1.00000000e+00  9.97162628e-07  9.75722855e-07  9.75722855e-04  8.88177232e-07  8.85928638e-07  8.75415629e-07  8.71318309e-07  4.39416185e-14  8.82841184e-07  8.79121011e-07 
 1.00000000e+00  0.00000000e+00  0.00000000e+00  0.00000000e+00  0.00000000e+00  1.00000000e+00  1.00000000e+00  1.00000000e+00  1.01364277e-06  9.92252216e-07  9.92252216e-04  4.08729263e-14  4.28435302e-14  4.45445508e-14  4.30052042e-14  8.89431832e-07  8.82840640e-07  8.79120746e-07 
 1.00000000e+00  1.00000000e+00  0.00000000e+00  0.00000000e+00  0.00000000e+00  1.00000000e+00  1.00000000e+00  1.00000000e+00  1.02228719e-06  1.00092828e-06  1.00092828e-03  8.88186887e-07  4.26400245e-14  4.44631508e-14  4.29814569e-14  8.89431234e-07  8.82840361e-07  8.79120608e-07 
 1.00000000e+00  0.00000000e+00  1.00000000e+00  0.00000000e+00  0.00000000e+00  1.00000000e+00  1.00000000e+00  1.00000000e+00  1.03090249e-06  1.00957913e-06  1.00957913e-03  4.05999549e-14  8.85939941e-07  4.44058339e-14  4.29603229e-14  8.89430653e-07  8.82840085e-07  8.79120472e-07 
 1.00000000e+00  1.00000000e+00  1.00000000e+00  0.00000000e+00  0.00000000e+00  1.00000000e+00  1.00000000e+00  1.00000000e+00  1.03913920e-06  1.01785360e-06  1.01785360e-03  8.88180297e-07  8.85934029e-07  4.43623499e-14  4.29419548e-14  8.89430112e-07  8.82839825e-07  8.79120343e-07 
 1.00000000e+00  0.00000000e+00  0.00000000e+00  1.00000000e+00  0.00000000e+00  1.00000000e+00  1.00000000e+00  1.00000000e+00  1.04772972e-06  1.02648744e-06  1.02648744e-03  4.06885768e-14  4.26427330e-14  8.75423988e-07  4.29243368e-14  8.89429561e-07  8.82839557e-07  8.79120209e-07 
 1.00000000e+00  1.00000000e+00  0.00000000e+00  1.00000000e+00  0.00000000e+00  1.00000000e+00  1.00000000e+00  1.00000000e+00  1.05595745e-06  1.03476049e-06  1.03476049e-03  8.88183407e-07  4.25480831e-14  8.75421485e-07  4.29086821e-14  8.89429045e-07  8.82839304e-07  8.79120082e-07 
 1.00000000e+00  0.00000000e+00  1.00000000e+00  1.00000000e+00  0.00000000e+00  1.00000000e+00  1.00000000e+00  1.00000000e+00  1.06421761e-06  1.04306992e-06  1.04306992e-03  4.05452420e-14  8.85934155e-07  8.75419267e-07  4.28939785e-14  8.89428539e-07  8.82839052e-07  8.79119955e-07 
 1.00000000e+00  1.00000000e+00  1.00000000e+00  1.00000000e+00  0.00000000e+00  1.00000000e+00  1.00000000e+00  1.00000000e+00  1.07202028e-06  1.05092262e-06  1.05092262e-03  8.88177789e-07  8.85929575e-07  8.75417379e-07  4.28808921e-14  8.89428071e-07  8.82838817e-07  8.79119836e-07 
 1.00000000e+00  0.00000000e+00  0.00000000e+00  0.00000000e+00  1.00000000e+00  1.00000000e+00  1.00000000e+00  1.00000000e+00  1.08176566e-06  1.06073531e-06  1.06073531e-03  4.07583561e-14  4.27192186e-14  4.44090508e-14  8.71321192e-07  8.89427499e-07  8.82838527e-07  8.79119689e-07 
 1.00000000e+00  1.00000000e+00  0.00000000e+00  0.00000000e+00  1.00000000e+00  1.00000000e+00  1.00000000e+00  1.00000000e+00  1.09003907e-06  1.06907007e-06  1.06907007e-03  8.88185125e-07  4.25903027e-14  4.43642539e-14  8.71320150e-07  8.89427025e-07  8.82838283e-07  8.79119565e-07 
 1.00000000e+00  0.00000000e+00  1.00000000e+00  0.00000000e+00  1.00000000e+00  1.00000000e+00  1.00000000e+00  1.00000000e+00  1.09826367e-06  1.07735955e-06  1.07735955e-03  4.05713689e-14  8.85936931e-07  4.43274157e-14  8.71319164e-07  8.89426564e-07  8.82838044e-07  8.79119442e-07 
 1.00000000e+00  1.00000000e+00  1.00000000e+00  0.00000000e+00  1.00000000e+00  1.00000000e+00  1.00000000e+00  1.00000000e+00  1.10611036e-06  1.08527177e-06  1.08527177e-03  8.88179049e-07  8.85931760e-07  4.42970398e-14  8.71318265e-07  8.89426133e-07  8.82837818e-07  8.79119326e-07 
 1.00000000e+00  0.00000000e+00  0.00000000e+00  1.00000000e+00  1.00000000e+00  1.00000000e+00  1.00000000e+00  1.00000000e+00  1.11449287e-06  1.09372823e-06  1.09372823e-03  4.06432622e-14  4.25926364e-14  8.75419461e-07  8.71317344e-07  8.89425682e-07  8.82837579e-07  8.79119202e-07 
 1.00000000e+00  1.00000000e+00  0.00000000e+00  1.00000000e+00  1.00000000e+00  1.00000000e+00  1.00000000e+00  1.00000000e+00  1.12236933e-06  1.10167794e-06  1.10167794e-03  8.88181974e-07  4.25160604e-14  8.75417493e-07  8.71316513e-07  8.89425266e-07  8.82837357e-07  8.79119087e-07 
 1.00000000e+00  0.00000000e+00  1.00000000e+00  1.00000000e+00  1.00000000e+00  1.00000000e+00  1.00000000e+00  1.00000000e+00  1.13027937e-06  1.10966522e-06  1.10966522e-03  4.05244415e-14  8.85931924e-07  8.75415682e-07  8.71315708e-07  8.89424857e-07  8.82837136e-07  8.79118972e-07 
 1.00000000e+00  1.00000000e+00  1.00000000e+00  1.00000000e+00  1.00000000e+00  1.00000000e+00  1.00000000e+00  1.00000000e+00  1.13773628e-06  1.11719836e-06  1.11719836e-03  8.88176716e-07  8.85927784e-07  8.75414099e-07  8.71314977e-07  8.89424478e-07  8.82836929e-07  8.79118864e-07 
