 yes             v(b0)           v(b1)           v(b2)           v(b3)           v(b4)           v(b5)           v(b6)           i(Vitest)       i(Viout)        v(Vout)         i(v.x3.vib0)    i(v.x3.vib1)    i(v.x3.vib2)    i(v.x3.vib3)    i(v.x3.vib4)    i(v.x3.vib5)    i(v.x3.vib6)   
 1.00000000e+00  0.00000000e+00  0.00000000e+00  0.00000000e+00  0.00000000e+00  0.00000000e+00  0.00000000e+00  0.00000000e+00  1.33087014e-11  1.68203828e-09  1.68203828e-06  1.09409750e-14  1.30922498e-14  1.27242112e-14  1.17677021e-14  1.26811283e-14  1.18564460e-14  1.20003144e-14 
 1.00000000e+00  1.00000000e+00  0.00000000e+00  0.00000000e+00  0.00000000e+00  0.00000000e+00  0.00000000e+00  0.00000000e+00  2.59073874e-09  3.34797576e-09  3.34797576e-06  2.17941885e-07  1.28293721e-14  1.24931609e-14  1.15751731e-14  1.24920567e-14  1.16967114e-14  1.18492248e-14 
 1.00000000e+00  0.00000000e+00  1.00000000e+00  0.00000000e+00  0.00000000e+00  0.00000000e+00  0.00000000e+00  0.00000000e+00  4.74807964e-09  4.93620061e-09  4.93620061e-06  1.07163272e-14  2.05326962e-07  1.24724139e-14  1.15568349e-14  1.24727745e-14  1.16791898e-14  1.18317068e-14 
 1.00000000e+00  1.00000000e+00  1.00000000e+00  0.00000000e+00  0.00000000e+00  0.00000000e+00  0.00000000e+00  0.00000000e+00  7.19030398e-09  6.85527273e-09  6.85527273e-06  2.17941166e-07  2.05326222e-07  1.24575275e-14  1.15438340e-14  1.24592045e-14  1.16669270e-14  1.18194957e-14 
 1.00000000e+00  0.00000000e+00  0.00000000e+00  1.00000000e+00  0.00000000e+00  0.00000000e+00  0.00000000e+00  0.00000000e+00  9.44315694e-09  8.69783938e-09  8.69783938e-06  1.07354130e-14  1.28311287e-14  2.08704820e-07  1.15350481e-14  1.24501044e-14  1.16587398e-14  1.18113648e-14 
 1.00000000e+00  1.00000000e+00  0.00000000e+00  1.00000000e+00  0.00000000e+00  0.00000000e+00  0.00000000e+00  0.00000000e+00  1.18874073e-08  1.07491920e-08  1.07491920e-05  2.17941482e-07  1.28050672e-14  2.08704405e-07  1.15274540e-14  1.24422808e-14  1.16517293e-14  1.18044313e-14 
 1.00000000e+00  0.00000000e+00  1.00000000e+00  1.00000000e+00  0.00000000e+00  0.00000000e+00  0.00000000e+00  0.00000000e+00  1.39395146e-08  1.25015028e-08  1.25015028e-05  1.07041018e-14  2.05326247e-07  2.08704108e-07  1.15220984e-14  1.24367913e-14  1.16468278e-14  1.17995894e-14 
 1.00000000e+00  1.00000000e+00  1.00000000e+00  1.00000000e+00  0.00000000e+00  0.00000000e+00  0.00000000e+00  0.00000000e+00  1.62176568e-08  1.44707532e-08  1.44707532e-05  2.17940885e-07  2.05325702e-07  2.08703819e-07  1.15169132e-14  1.24315079e-14  1.16421220e-14  1.17949578e-14 
 1.00000000e+00  0.00000000e+00  0.00000000e+00  0.00000000e+00  1.00000000e+00  0.00000000e+00  0.00000000e+00  0.00000000e+00  1.90144629e-08  1.69145449e-08  1.69145449e-05  1.07534079e-14  1.28536641e-14  1.24707875e-14  2.15763074e-07  1.24258776e-14  1.16371327e-14  1.17900522e-14 
 1.00000000e+00  1.00000000e+00  0.00000000e+00  0.00000000e+00  1.00000000e+00  0.00000000e+00  0.00000000e+00  0.00000000e+00  2.14606241e-08  1.90702124e-08  1.90702124e-05  2.17941663e-07  1.28148615e-14  1.24561189e-14  2.15762849e-07  1.24215414e-14  1.16333000e-14  1.17862973e-14 
 1.00000000e+00  0.00000000e+00  1.00000000e+00  0.00000000e+00  1.00000000e+00  0.00000000e+00  0.00000000e+00  0.00000000e+00  2.34945443e-08  2.08729173e-08  2.08729173e-05  1.07093451e-14  2.05326556e-07  1.24469276e-14  2.15762678e-07  1.24182627e-14  1.16304114e-14  1.17834751e-14 
 1.00000000e+00  1.00000000e+00  1.00000000e+00  0.00000000e+00  1.00000000e+00  0.00000000e+00  0.00000000e+00  0.00000000e+00  2.57674746e-08  2.28966120e-08  2.28966120e-05  2.17941015e-07  2.05325935e-07  1.24384623e-14  2.15762501e-07  1.24148917e-14  1.16274450e-14  1.17805776e-14 
 1.00000000e+00  0.00000000e+00  0.00000000e+00  1.00000000e+00  1.00000000e+00  0.00000000e+00  0.00000000e+00  0.00000000e+00  2.79317090e-08  2.48311073e-08  2.48311073e-05  1.07236772e-14  1.28162251e-14  2.08704080e-07  2.15762345e-07  1.24119166e-14  1.16248421e-14  1.17780415e-14 
 1.00000000e+00  1.00000000e+00  0.00000000e+00  1.00000000e+00  1.00000000e+00  0.00000000e+00  0.00000000e+00  0.00000000e+00  3.02036047e-08  2.68685915e-08  2.68685915e-05  2.17941308e-07  1.27966164e-14  2.08703783e-07  2.15762191e-07  1.24090121e-14  1.16223009e-14  1.17755731e-14 
 1.00000000e+00  0.00000000e+00  1.00000000e+00  1.00000000e+00  1.00000000e+00  0.00000000e+00  0.00000000e+00  0.00000000e+00  3.21436785e-08  2.86132318e-08  2.86132318e-05  1.06993530e-14  2.05325965e-07  2.08703557e-07  2.15762067e-07  1.24066803e-14  1.16202656e-14  1.17736011e-14 
 1.00000000e+00  1.00000000e+00  1.00000000e+00  1.00000000e+00  1.00000000e+00  0.00000000e+00  0.00000000e+00  0.00000000e+00  3.42823538e-08  3.05408911e-08  3.05408911e-05  2.17940756e-07  2.05325481e-07  2.08703330e-07  2.15761938e-07  1.24042527e-14  1.16181535e-14  1.17715504e-14 
 1.00000000e+00  0.00000000e+00  0.00000000e+00  0.00000000e+00  0.00000000e+00  1.00000000e+00  0.00000000e+00  0.00000000e+00  3.73035920e-08  3.32709111e-08  3.32709111e-05  1.07713100e-14  1.28758039e-14  1.24934282e-14  1.15336436e-14  2.17936787e-07  1.16153652e-14  1.17688569e-14 
 1.00000000e+00  1.00000000e+00  0.00000000e+00  0.00000000e+00  0.00000000e+00  1.00000000e+00  0.00000000e+00  0.00000000e+00  3.97716719e-08  3.55062864e-08  3.55062864e-05  2.17941766e-07  1.28211946e-14  1.24697768e-14  1.15261388e-14  2.17936666e-07  1.16132345e-14  1.17668013e-14 
 1.00000000e+00  0.00000000e+00  1.00000000e+00  0.00000000e+00  0.00000000e+00  1.00000000e+00  0.00000000e+00  0.00000000e+00  4.18149197e-08  3.73599880e-08  3.73599880e-05  1.07125198e-14  2.05326742e-07  1.24572853e-14  1.15209184e-14  2.17936570e-07  1.16115659e-14  1.17651913e-14 
 1.00000000e+00  1.00000000e+00  1.00000000e+00  0.00000000e+00  0.00000000e+00  1.00000000e+00  0.00000000e+00  0.00000000e+00  4.41032594e-08  3.94390356e-08  3.94390356e-05  2.17941087e-07  2.05326069e-07  1.24466188e-14  1.15157952e-14  2.17936468e-07  1.16097761e-14  1.17634739e-14 
 1.00000000e+00  0.00000000e+00  0.00000000e+00  1.00000000e+00  0.00000000e+00  1.00000000e+00  0.00000000e+00  0.00000000e+00  4.62565690e-08  4.13980185e-08  4.13980185e-05  1.07287938e-14  1.28227450e-14  2.08704406e-07  1.15115076e-14  2.17936376e-07  1.16081736e-14  1.17619364e-14 
 1.00000000e+00  1.00000000e+00  0.00000000e+00  1.00000000e+00  0.00000000e+00  1.00000000e+00  0.00000000e+00  0.00000000e+00  4.85499526e-08  4.34869672e-08  4.34869672e-05  2.17941390e-07  1.28005185e-14  2.08704063e-07  1.15073696e-14  2.17936282e-07  1.16065392e-14  1.17603674e-14 
 1.00000000e+00  0.00000000e+00  1.00000000e+00  1.00000000e+00  0.00000000e+00  1.00000000e+00  0.00000000e+00  0.00000000e+00  5.04878713e-08  4.52540053e-08  4.52540053e-05  1.07015780e-14  2.05326097e-07  2.08703808e-07  1.15041548e-14  2.17936205e-07  1.16052107e-14  1.17590982e-14 
 1.00000000e+00  1.00000000e+00  1.00000000e+00  1.00000000e+00  0.00000000e+00  1.00000000e+00  0.00000000e+00  0.00000000e+00  5.26207452e-08  4.72006304e-08  4.72006304e-05  2.17940818e-07  2.05325585e-07  2.08703556e-07  1.15008684e-14  2.17936124e-07  1.16037966e-14  1.17577502e-14 
 1.00000000e+00  0.00000000e+00  0.00000000e+00  0.00000000e+00  1.00000000e+00  1.00000000e+00  0.00000000e+00  0.00000000e+00  5.53882839e-08  4.97291206e-08  4.97291206e-05  1.07422803e-14  1.28397670e-14  1.24563991e-14  2.15762318e-07  2.17936022e-07  1.16020464e-14  1.17560731e-14 
 1.00000000e+00  1.00000000e+00  0.00000000e+00  0.00000000e+00  1.00000000e+00  1.00000000e+00  0.00000000e+00  0.00000000e+00  5.76881949e-08  5.18324490e-08  5.18324490e-05  2.17941563e-07  1.28092979e-14  1.24457105e-14  2.15762159e-07  2.17935941e-07  1.16006496e-14  1.17547443e-14 
 1.00000000e+00  0.00000000e+00  1.00000000e+00  0.00000000e+00  1.00000000e+00  1.00000000e+00  0.00000000e+00  0.00000000e+00  5.96110302e-08  5.35922714e-08  5.35922714e-05  1.07064187e-14  2.05326384e-07  1.24384324e-14  2.15762034e-07  2.17935875e-07  1.15995177e-14  1.17536693e-14 
 1.00000000e+00  1.00000000e+00  1.00000000e+00  0.00000000e+00  1.00000000e+00  1.00000000e+00  0.00000000e+00  0.00000000e+00  6.17599640e-08  5.55603762e-08  5.55603762e-05  2.17940944e-07  2.05325807e-07  1.24314359e-14  2.15761902e-07  2.17935803e-07  1.15982946e-14  1.17525035e-14 
 1.00000000e+00  0.00000000e+00  0.00000000e+00  1.00000000e+00  1.00000000e+00  1.00000000e+00  0.00000000e+00  0.00000000e+00  6.38466766e-08  5.74727819e-08  5.74727819e-05  1.07192459e-14  1.28105428e-14  2.08703793e-07  2.15761780e-07  2.17935736e-07  1.15971393e-14  1.17514132e-14 
 1.00000000e+00  1.00000000e+00  0.00000000e+00  1.00000000e+00  1.00000000e+00  1.00000000e+00  0.00000000e+00  0.00000000e+00  6.60102641e-08  5.94569024e-08  5.94569024e-05  2.17941228e-07  1.27930017e-14  2.08703532e-07  2.15761660e-07  2.17935668e-07  1.15959800e-14  1.17503167e-14 
 1.00000000e+00  0.00000000e+00  1.00000000e+00  1.00000000e+00  1.00000000e+00  1.00000000e+00  0.00000000e+00  0.00000000e+00  6.78571824e-08  6.11515836e-08  6.11515836e-05  1.06972592e-14  2.05325839e-07  2.08703328e-07  2.15761561e-07  2.17935611e-07  1.15950153e-14  1.17494025e-14 
 1.00000000e+00  1.00000000e+00  1.00000000e+00  1.00000000e+00  1.00000000e+00  1.00000000e+00  0.00000000e+00  0.00000000e+00  6.98884072e-08  6.30163525e-08  6.30163525e-05  2.17940696e-07  2.05325381e-07  2.08703122e-07  2.15761457e-07  2.17935550e-07  1.15939824e-14  1.17484273e-14 
 1.00000000e+00  0.00000000e+00  0.00000000e+00  0.00000000e+00  0.00000000e+00  0.00000000e+00  1.00000000e+00  0.00000000e+00  7.30646268e-08  6.59342169e-08  6.59342169e-05  1.07889593e-14  1.28974595e-14  1.25153322e-14  1.15548437e-14  1.24256105e-14  2.18871146e-07  1.17469509e-14 
 1.00000000e+00  1.00000000e+00  0.00000000e+00  0.00000000e+00  0.00000000e+00  0.00000000e+00  1.00000000e+00  0.00000000e+00  7.55812816e-08  6.82477445e-08  6.82477445e-05  2.17941823e-07  1.28249543e-14  1.24793227e-14  1.15419839e-14  1.24211857e-14  2.18871083e-07  1.17458258e-14 
 1.00000000e+00  0.00000000e+00  1.00000000e+00  0.00000000e+00  0.00000000e+00  0.00000000e+00  1.00000000e+00  0.00000000e+00  7.76685765e-08  7.01675688e-08  7.01675688e-05  1.07143124e-14  2.05326846e-07  1.24638960e-14  1.15340934e-14  1.24178718e-14  2.18871032e-07  1.17449166e-14 
 1.00000000e+00  1.00000000e+00  1.00000000e+00  0.00000000e+00  0.00000000e+00  0.00000000e+00  1.00000000e+00  0.00000000e+00  8.00180269e-08  7.23295518e-08  7.23295518e-05  2.17941125e-07  2.05326142e-07  1.24515628e-14  1.15268625e-14  1.24144436e-14  2.18870976e-07  1.17439244e-14 
 1.00000000e+00  0.00000000e+00  0.00000000e+00  1.00000000e+00  0.00000000e+00  0.00000000e+00  1.00000000e+00  0.00000000e+00  8.21960495e-08  7.43347258e-08  7.43347258e-05  1.07318274e-14  1.28266002e-14  2.08704597e-07  1.15211736e-14  1.24115045e-14  2.18870925e-07  1.17430275e-14 
 1.00000000e+00  1.00000000e+00  0.00000000e+00  1.00000000e+00  0.00000000e+00  0.00000000e+00  1.00000000e+00  0.00000000e+00  8.45327984e-08  7.64869947e-08  7.64869947e-05  2.17941434e-07  1.28026719e-14  2.08704222e-07  1.15158679e-14  1.24085703e-14  2.18870872e-07  1.17420882e-14 
 1.00000000e+00  0.00000000e+00  1.00000000e+00  1.00000000e+00  0.00000000e+00  0.00000000e+00  1.00000000e+00  0.00000000e+00  8.65060265e-08  7.83051910e-08  7.83051910e-05  1.07027825e-14  2.05326169e-07  2.08703949e-07  1.15118907e-14  1.24062333e-14  2.18870829e-07  1.17413125e-14 
 1.00000000e+00  1.00000000e+00  1.00000000e+00  1.00000000e+00  0.00000000e+00  0.00000000e+00  1.00000000e+00  0.00000000e+00  8.86884909e-08  8.03169556e-08  8.03169556e-05  2.17940850e-07  2.05325641e-07  2.08703680e-07  1.15079041e-14  1.24037883e-14  2.18870781e-07  1.17404746e-14 
 1.00000000e+00  0.00000000e+00  0.00000000e+00  0.00000000e+00  1.00000000e+00  0.00000000e+00  1.00000000e+00  0.00000000e+00  9.14537023e-08  8.28670100e-08  8.28670100e-05  1.07471772e-14  1.28458969e-14  1.24627747e-14  2.15762654e-07  1.24008721e-14  2.18870723e-07  1.17394458e-14 
 1.00000000e+00  1.00000000e+00  0.00000000e+00  0.00000000e+00  1.00000000e+00  0.00000000e+00  1.00000000e+00  0.00000000e+00  9.38053283e-08  8.50366113e-08  8.50366113e-05  2.17941611e-07  1.28119237e-14  1.24504724e-14  2.15762470e-07  1.23985265e-14  2.18870674e-07  1.17385862e-14 
 1.00000000e+00  0.00000000e+00  1.00000000e+00  0.00000000e+00  1.00000000e+00  0.00000000e+00  1.00000000e+00  0.00000000e+00  9.57614822e-08  8.68419961e-08  8.68419961e-05  1.07078140e-14  2.05326466e-07  1.24423888e-14  2.15762327e-07  1.23966648e-14  2.18870635e-07  1.17378893e-14 
 1.00000000e+00  1.00000000e+00  1.00000000e+00  0.00000000e+00  1.00000000e+00  0.00000000e+00  1.00000000e+00  0.00000000e+00  9.79464028e-08  8.88591879e-08  8.88591879e-05  2.17940978e-07  2.05325869e-07  1.24347447e-14  2.15762176e-07  1.23946730e-14  2.18870591e-07  1.17371290e-14 
 1.00000000e+00  0.00000000e+00  0.00000000e+00  1.00000000e+00  1.00000000e+00  0.00000000e+00  1.00000000e+00  0.00000000e+00  1.00045308e-07  9.07976177e-08  9.07976177e-05  1.07213363e-14  1.28132380e-14  2.08703929e-07  2.15762040e-07  1.23928310e-14  2.18870550e-07  1.17364093e-14 
 1.00000000e+00  1.00000000e+00  0.00000000e+00  1.00000000e+00  1.00000000e+00  0.00000000e+00  1.00000000e+00  0.00000000e+00  1.02226724e-07  9.28129079e-08  9.28129079e-05  2.17941267e-07  1.27947396e-14  2.08703652e-07  2.15761906e-07  1.23909885e-14  2.18870509e-07  1.17356760e-14 
 1.00000000e+00  0.00000000e+00  1.00000000e+00  1.00000000e+00  1.00000000e+00  0.00000000e+00  1.00000000e+00  0.00000000e+00  1.04085515e-07  9.45306598e-08  9.45306598e-05  1.06982682e-14  2.05325900e-07  2.08703437e-07  2.15761797e-07  1.23894727e-14  2.18870474e-07  1.17350627e-14 
 1.00000000e+00  1.00000000e+00  1.00000000e+00  1.00000000e+00  1.00000000e+00  0.00000000e+00  1.00000000e+00  0.00000000e+00  1.06134045e-07  9.64242908e-08  9.64242908e-05  2.17940726e-07  2.05325430e-07  2.08703221e-07  2.15761682e-07  1.23878532e-14  2.18870436e-07  1.17344031e-14 
 1.00000000e+00  0.00000000e+00  0.00000000e+00  0.00000000e+00  0.00000000e+00  1.00000000e+00  1.00000000e+00  0.00000000e+00  1.09328868e-07  9.93786375e-08  9.93786375e-05  1.07606082e-14  1.28625955e-14  1.24799574e-14  1.15204401e-14  2.17936017e-07  2.18870378e-07  1.17333924e-14 
 1.00000000e+00  1.00000000e+00  0.00000000e+00  0.00000000e+00  0.00000000e+00  1.00000000e+00  1.00000000e+00  0.00000000e+00  1.11699917e-07  1.01572059e-07  1.01572059e-04  2.17941712e-07  1.28177794e-14  1.24621215e-14  1.15151074e-14  2.17935932e-07  2.18870336e-07  1.17326614e-14 
 1.00000000e+00  0.00000000e+00  1.00000000e+00  0.00000000e+00  0.00000000e+00  1.00000000e+00  1.00000000e+00  0.00000000e+00  1.13673601e-07  1.03398419e-07  1.03398419e-04  1.07108377e-14  2.05326643e-07  1.24516195e-14  1.15111651e-14  2.17935864e-07  2.18870301e-07  1.17320599e-14 
 1.00000000e+00  1.00000000e+00  1.00000000e+00  0.00000000e+00  0.00000000e+00  1.00000000e+00  1.00000000e+00  0.00000000e+00  1.15878099e-07  1.05438926e-07  1.05438926e-04  2.17941049e-07  2.05325999e-07  1.24422321e-14  1.15071787e-14  2.17935790e-07  2.18870264e-07  1.17314010e-14 
 1.00000000e+00  0.00000000e+00  0.00000000e+00  1.00000000e+00  0.00000000e+00  1.00000000e+00  1.00000000e+00  0.00000000e+00  1.17965168e-07  1.07371277e-07  1.07371277e-04  1.07260564e-14  1.28192666e-14  2.08704232e-07  1.15037205e-14  2.17935722e-07  2.18870228e-07  1.17307928e-14 
 1.00000000e+00  1.00000000e+00  0.00000000e+00  1.00000000e+00  0.00000000e+00  1.00000000e+00  1.00000000e+00  0.00000000e+00  1.20178530e-07  1.09421119e-07  1.09421119e-04  2.17941347e-07  1.27984773e-14  2.08703915e-07  1.15003316e-14  2.17935652e-07  2.18870192e-07  1.17301534e-14 
 1.00000000e+00  0.00000000e+00  1.00000000e+00  1.00000000e+00  0.00000000e+00  1.00000000e+00  1.00000000e+00  0.00000000e+00  1.22059846e-07  1.11163892e-07  1.11163892e-04  1.07004260e-14  2.05326029e-07  2.08703676e-07  1.14976410e-14  2.17935594e-07  2.18870161e-07  1.17296191e-14 
 1.00000000e+00  1.00000000e+00  1.00000000e+00  1.00000000e+00  0.00000000e+00  1.00000000e+00  1.00000000e+00  0.00000000e+00  1.24131326e-07  1.13083291e-07  1.13083291e-04  2.17940786e-07  2.05325532e-07  2.08703438e-07  1.14948430e-14  2.17935531e-07  2.18870127e-07  1.17290386e-14 
 1.00000000e+00  0.00000000e+00  0.00000000e+00  0.00000000e+00  1.00000000e+00  1.00000000e+00  1.00000000e+00  0.00000000e+00  1.26879478e-07  1.15630425e-07  1.15630425e-04  1.07381183e-14  1.28345434e-14  1.24509479e-14  2.15762027e-07  2.17935451e-07  2.18870084e-07  1.17282855e-14 
 1.00000000e+00  1.00000000e+00  0.00000000e+00  0.00000000e+00  1.00000000e+00  1.00000000e+00  1.00000000e+00  0.00000000e+00  1.29119175e-07  1.17706912e-07  1.17706912e-04  2.17941517e-07  1.28068551e-14  1.24414872e-14  2.15761888e-07  2.17935387e-07  2.18870049e-07  1.17276810e-14 
 1.00000000e+00  0.00000000e+00  1.00000000e+00  0.00000000e+00  1.00000000e+00  1.00000000e+00  1.00000000e+00  0.00000000e+00  1.30992644e-07  1.19444276e-07  1.19444276e-04  1.07051046e-14  2.05326306e-07  1.24348455e-14  2.15761777e-07  2.17935335e-07  2.18870020e-07  1.17271826e-14 
 1.00000000e+00  1.00000000e+00  1.00000000e+00  0.00000000e+00  1.00000000e+00  1.00000000e+00  1.00000000e+00  0.00000000e+00  1.33074442e-07  1.21375275e-07  1.21375275e-04  2.17940911e-07  2.05325748e-07  1.24283885e-14  2.15761659e-07  2.17935279e-07  2.18869988e-07  1.17266376e-14 
 1.00000000e+00  0.00000000e+00  0.00000000e+00  1.00000000e+00  1.00000000e+00  1.00000000e+00  1.00000000e+00  0.00000000e+00  1.35106618e-07  1.23260687e-07  1.23260687e-04  1.07173086e-14  1.28080524e-14  2.08703666e-07  2.15761548e-07  2.17935225e-07  2.18869958e-07  1.17261131e-14 
 1.00000000e+00  1.00000000e+00  0.00000000e+00  1.00000000e+00  1.00000000e+00  1.00000000e+00  1.00000000e+00  0.00000000e+00  1.37203769e-07  1.25206832e-07  1.25206832e-04  2.17941191e-07  1.27913517e-14  2.08703420e-07  2.15761439e-07  2.17935170e-07  2.18869927e-07  1.17255806e-14 
 1.00000000e+00  0.00000000e+00  1.00000000e+00  1.00000000e+00  1.00000000e+00  1.00000000e+00  1.00000000e+00  0.00000000e+00  1.38999349e-07  1.26873482e-07  1.26873482e-04  1.06962896e-14  2.05325781e-07  2.08703226e-07  2.15761348e-07  2.17935124e-07  2.18869900e-07  1.17251252e-14 
 1.00000000e+00  1.00000000e+00  1.00000000e+00  1.00000000e+00  1.00000000e+00  1.00000000e+00  1.00000000e+00  0.00000000e+00  1.40972165e-07  1.28705020e-07  1.28705020e-04  2.17940668e-07  2.05325334e-07  2.08703028e-07  2.15761253e-07  2.17935075e-07  2.18869872e-07  1.17246376e-14 
 1.00000000e+00  0.00000000e+00  0.00000000e+00  0.00000000e+00  0.00000000e+00  0.00000000e+00  0.00000000e+00  1.00000000e+00  1.35329479e-07  1.23467479e-07  1.23467479e-04  1.08072183e-14  1.29197331e-14  1.25376954e-14  1.15762487e-14  1.24499890e-14  1.16166327e-14  2.06424497e-07 
 1.00000000e+00  1.00000000e+00  0.00000000e+00  0.00000000e+00  0.00000000e+00  0.00000000e+00  0.00000000e+00  1.00000000e+00  1.37947887e-07  1.25897480e-07  1.25897480e-04  2.17941854e-07  1.28271260e-14  1.24856441e-14  1.15547522e-14  1.24418460e-14  1.16143824e-14  2.06424464e-07 
 1.00000000e+00  0.00000000e+00  1.00000000e+00  0.00000000e+00  0.00000000e+00  0.00000000e+00  0.00000000e+00  1.00000000e+00  1.40123672e-07  1.27917242e-07  1.27917242e-04  1.07153129e-14  2.05326904e-07  1.24679619e-14  1.15437109e-14  1.24362818e-14  1.16126194e-14  2.06424438e-07 
 1.00000000e+00  1.00000000e+00  1.00000000e+00  0.00000000e+00  0.00000000e+00  0.00000000e+00  0.00000000e+00  1.00000000e+00  1.42575985e-07  1.30194277e-07  1.30194277e-04  2.17941146e-07  2.05326182e-07  1.24544628e-14  1.15344024e-14  1.24308621e-14  1.16107307e-14  2.06424408e-07 
 1.00000000e+00  0.00000000e+00  0.00000000e+00  1.00000000e+00  0.00000000e+00  0.00000000e+00  0.00000000e+00  1.00000000e+00  1.44850712e-07  1.32306955e-07  1.32306955e-04  1.07335831e-14  1.28288220e-14  2.08704707e-07  1.15275202e-14  1.24264361e-14  1.16090668e-14  2.06424381e-07 
 1.00000000e+00  1.00000000e+00  0.00000000e+00  1.00000000e+00  0.00000000e+00  0.00000000e+00  0.00000000e+00  1.00000000e+00  1.47304248e-07  1.34586278e-07  1.34586278e-04  2.17941458e-07  1.28038672e-14  2.08704313e-07  1.15212783e-14  1.24221521e-14  1.16073493e-14  2.06424352e-07 
 1.00000000e+00  0.00000000e+00  1.00000000e+00  1.00000000e+00  0.00000000e+00  0.00000000e+00  0.00000000e+00  1.00000000e+00  1.49364311e-07  1.36500521e-07  1.36500521e-04  1.07034427e-14  2.05326208e-07  2.08704028e-07  1.15167158e-14  1.24188710e-14  1.16059687e-14  2.06424329e-07 
 1.00000000e+00  1.00000000e+00  1.00000000e+00  1.00000000e+00  0.00000000e+00  0.00000000e+00  0.00000000e+00  1.00000000e+00  1.51640720e-07  1.38616271e-07  1.38616271e-04  2.17940867e-07  2.05325671e-07  2.08703750e-07  1.15122058e-14  1.24155182e-14  1.16045004e-14  2.06424303e-07 
 1.00000000e+00  0.00000000e+00  0.00000000e+00  0.00000000e+00  1.00000000e+00  0.00000000e+00  0.00000000e+00  1.00000000e+00  1.54472770e-07  1.41249140e-07  1.41249140e-04  1.07501630e-14  1.28496199e-14  1.24666204e-14  2.15762856e-07  1.24116825e-14  1.16027456e-14  2.06424271e-07 
 1.00000000e+00  1.00000000e+00  0.00000000e+00  0.00000000e+00  1.00000000e+00  0.00000000e+00  0.00000000e+00  1.00000000e+00  1.56916749e-07  1.43521839e-07  1.43521839e-04  2.17941637e-07  1.28133878e-14  1.24532291e-14  2.15762653e-07  1.24086354e-14  1.16012971e-14  2.06424244e-07 
 1.00000000e+00  0.00000000e+00  1.00000000e+00  0.00000000e+00  1.00000000e+00  0.00000000e+00  0.00000000e+00  1.00000000e+00  1.58951077e-07  1.45414021e-07  1.45414021e-04  1.07085763e-14  2.05326511e-07  1.24446285e-14  2.15762498e-07  1.24062605e-14  1.16001287e-14  2.06424222e-07 
 1.00000000e+00  1.00000000e+00  1.00000000e+00  0.00000000e+00  1.00000000e+00  0.00000000e+00  0.00000000e+00  1.00000000e+00  1.61226297e-07  1.47530718e-07  1.47530718e-04  2.17940997e-07  2.05325902e-07  1.24365915e-14  2.15762335e-07  1.24037521e-14  1.15988618e-14  2.06424197e-07 
 1.00000000e+00  0.00000000e+00  0.00000000e+00  1.00000000e+00  1.00000000e+00  0.00000000e+00  0.00000000e+00  1.00000000e+00  1.63403598e-07  1.49556764e-07  1.49556764e-04  1.07225043e-14  1.28147249e-14  2.08704004e-07  2.15762190e-07  1.24014797e-14  1.15976884e-14  2.06424174e-07 
 1.00000000e+00  1.00000000e+00  0.00000000e+00  1.00000000e+00  1.00000000e+00  0.00000000e+00  0.00000000e+00  1.00000000e+00  1.65676127e-07  1.51671882e-07  1.51671882e-04  2.17941287e-07  1.27956828e-14  2.08703717e-07  2.15762047e-07  1.23992344e-14  1.15964957e-14  2.06424150e-07 
 1.00000000e+00  0.00000000e+00  1.00000000e+00  1.00000000e+00  1.00000000e+00  0.00000000e+00  0.00000000e+00  1.00000000e+00  1.67617139e-07  1.53478814e-07  1.53478814e-04  1.06988172e-14  2.05325933e-07  2.08703497e-07  2.15761931e-07  1.23973972e-14  1.15955063e-14  2.06424130e-07 
 1.00000000e+00  1.00000000e+00  1.00000000e+00  1.00000000e+00  1.00000000e+00  0.00000000e+00  0.00000000e+00  1.00000000e+00  1.69756858e-07  1.55471119e-07  1.55471119e-04  2.17940741e-07  2.05325456e-07  2.08703276e-07  2.15761809e-07  1.23954561e-14  1.15944445e-14  2.06424108e-07 
 1.00000000e+00  0.00000000e+00  0.00000000e+00  0.00000000e+00  0.00000000e+00  1.00000000e+00  0.00000000e+00  1.00000000e+00  1.72941024e-07  1.58436667e-07  1.58436667e-04  1.07655519e-14  1.28686942e-14  1.24861949e-14  1.15265746e-14  2.17936377e-07  1.15929060e-14  2.06424076e-07 
 1.00000000e+00  1.00000000e+00  0.00000000e+00  0.00000000e+00  0.00000000e+00  1.00000000e+00  0.00000000e+00  1.00000000e+00  1.75411647e-07  1.60738277e-07  1.60738277e-04  2.17941739e-07  1.28194819e-14  1.24658380e-14  1.15203292e-14  2.17936277e-07  1.15917520e-14  2.06424051e-07 
 1.00000000e+00  0.00000000e+00  1.00000000e+00  0.00000000e+00  0.00000000e+00  1.00000000e+00  0.00000000e+00  1.00000000e+00  1.77461280e-07  1.62648101e-07  1.62648101e-04  1.07116852e-14  2.05326693e-07  1.24544141e-14  1.15158314e-14  2.17936198e-07  1.15908179e-14  2.06424031e-07 
 1.00000000e+00  1.00000000e+00  1.00000000e+00  0.00000000e+00  0.00000000e+00  1.00000000e+00  0.00000000e+00  1.00000000e+00  1.79747353e-07  1.64778667e-07  1.64778667e-04  2.17941068e-07  2.05326034e-07  1.24444093e-14  1.15113512e-14  2.17936112e-07  1.15898032e-14  2.06424008e-07 
 1.00000000e+00  0.00000000e+00  0.00000000e+00  1.00000000e+00  0.00000000e+00  1.00000000e+00  0.00000000e+00  1.00000000e+00  1.81906163e-07  1.66791039e-07  1.66791039e-04  1.07274178e-14  1.28210033e-14  2.08704319e-07  1.15075164e-14  2.17936034e-07  1.15888635e-14  2.06423987e-07 
 1.00000000e+00  1.00000000e+00  0.00000000e+00  1.00000000e+00  0.00000000e+00  1.00000000e+00  0.00000000e+00  1.00000000e+00  1.84198154e-07  1.68927994e-07  1.68927994e-04  2.17941369e-07  1.27995078e-14  2.08703989e-07  1.15037870e-14  2.17935953e-07  1.15878901e-14  2.06423966e-07 
 1.00000000e+00  0.00000000e+00  1.00000000e+00  1.00000000e+00  0.00000000e+00  1.00000000e+00  0.00000000e+00  1.00000000e+00  1.86138668e-07  1.70737597e-07  1.70737597e-04  1.07010113e-14  2.05326064e-07  2.08703743e-07  1.15008547e-14  2.17935887e-07  1.15870796e-14  2.06423947e-07 
 1.00000000e+00  1.00000000e+00  1.00000000e+00  1.00000000e+00  0.00000000e+00  1.00000000e+00  0.00000000e+00  1.00000000e+00  1.88272548e-07  1.72727887e-07  1.72727887e-04  2.17940802e-07  2.05325559e-07  2.08703498e-07  1.14978307e-14  2.17935817e-07  1.15862101e-14  2.06423927e-07 
 1.00000000e+00  0.00000000e+00  0.00000000e+00  0.00000000e+00  1.00000000e+00  1.00000000e+00  0.00000000e+00  1.00000000e+00  1.91070174e-07  1.75337839e-07  1.75337839e-04  1.07401781e-14  1.28371338e-14  1.24536545e-14  2.15762172e-07  2.17935727e-07  1.15850941e-14  2.06423901e-07 
 1.00000000e+00  1.00000000e+00  0.00000000e+00  0.00000000e+00  1.00000000e+00  1.00000000e+00  0.00000000e+00  1.00000000e+00  1.93366402e-07  1.77480515e-07  1.77480515e-04  2.17941540e-07  1.28080874e-14  1.24436049e-14  2.15762023e-07  2.17935656e-07  1.15841970e-14  2.06423880e-07 
 1.00000000e+00  0.00000000e+00  1.00000000e+00  0.00000000e+00  1.00000000e+00  1.00000000e+00  0.00000000e+00  1.00000000e+00  1.95280885e-07  1.79267309e-07  1.79267309e-04  1.07057674e-14  2.05326346e-07  1.24366497e-14  2.15761905e-07  2.17935598e-07  1.15834605e-14  2.06423863e-07 
 1.00000000e+00  1.00000000e+00  1.00000000e+00  0.00000000e+00  1.00000000e+00  1.00000000e+00  0.00000000e+00  1.00000000e+00  1.97412937e-07  1.81257518e-07  1.81257518e-04  2.17940928e-07  2.05325778e-07  1.24299290e-14  2.15761780e-07  2.17935535e-07  1.15826593e-14  2.06423844e-07 
 1.00000000e+00  0.00000000e+00  0.00000000e+00  1.00000000e+00  1.00000000e+00  1.00000000e+00  0.00000000e+00  1.00000000e+00  1.99490484e-07  1.83197205e-07  1.83197205e-04  1.07182861e-14  1.28093113e-14  2.08703730e-07  2.15761664e-07  2.17935475e-07  1.15818921e-14  2.06423825e-07 
 1.00000000e+00  1.00000000e+00  0.00000000e+00  1.00000000e+00  1.00000000e+00  1.00000000e+00  0.00000000e+00  1.00000000e+00  2.01639725e-07  1.85204201e-07  1.85204201e-04  2.17941210e-07  1.27921900e-14  2.08703477e-07  2.15761549e-07  2.17935414e-07  1.15811077e-14  2.06423807e-07 
 1.00000000e+00  0.00000000e+00  1.00000000e+00  1.00000000e+00  1.00000000e+00  1.00000000e+00  0.00000000e+00  1.00000000e+00  2.03475653e-07  1.86918917e-07  1.86918917e-04  1.06967851e-14  2.05325811e-07  2.08703278e-07  2.15761455e-07  2.17935364e-07  1.15804547e-14  2.06423790e-07 
 1.00000000e+00  1.00000000e+00  1.00000000e+00  1.00000000e+00  1.00000000e+00  1.00000000e+00  0.00000000e+00  1.00000000e+00  2.05490755e-07  1.88801292e-07  1.88801292e-04  2.17940683e-07  2.05325358e-07  2.08703075e-07  2.15761356e-07  2.17935309e-07  1.15797415e-14  2.06423773e-07 
 1.00000000e+00  0.00000000e+00  0.00000000e+00  0.00000000e+00  0.00000000e+00  0.00000000e+00  1.00000000e+00  1.00000000e+00  2.09235871e-07  1.92300598e-07  1.92300598e-04  1.07789525e-14  1.28851952e-14  1.25029530e-14  1.15428961e-14  1.24118233e-14  2.18870408e-07  2.06423741e-07 
 1.00000000e+00  1.00000000e+00  0.00000000e+00  0.00000000e+00  0.00000000e+00  0.00000000e+00  1.00000000e+00  1.00000000e+00  2.11745801e-07  1.94646419e-07  1.94646419e-04  2.17941795e-07  1.28230831e-14  1.24743841e-14  1.15334034e-14  1.24086844e-14  2.18870364e-07  2.06423720e-07 
 1.00000000e+00  0.00000000e+00  1.00000000e+00  0.00000000e+00  0.00000000e+00  0.00000000e+00  1.00000000e+00  1.00000000e+00  2.13821662e-07  1.96586930e-07  1.96586930e-04  1.07134253e-14  2.05326794e-07  1.24605383e-14  1.15271181e-14  1.24062604e-14  2.18870327e-07  2.06423703e-07 
 1.00000000e+00  1.00000000e+00  1.00000000e+00  0.00000000e+00  0.00000000e+00  0.00000000e+00  1.00000000e+00  1.00000000e+00  2.16160144e-07  1.98773347e-07  1.98773347e-04  2.17941106e-07  2.05326106e-07  1.24490914e-14  1.15211103e-14  1.24036871e-14  2.18870287e-07  2.06423683e-07 
 1.00000000e+00  0.00000000e+00  0.00000000e+00  1.00000000e+00  0.00000000e+00  0.00000000e+00  1.00000000e+00  1.00000000e+00  2.18344811e-07  2.00816341e-07  2.00816341e-04  1.07303209e-14  1.28246915e-14  2.08704502e-07  1.15162116e-14  1.24014114e-14  2.18870250e-07  2.06423665e-07 
 1.00000000e+00  1.00000000e+00  0.00000000e+00  1.00000000e+00  0.00000000e+00  0.00000000e+00  1.00000000e+00  1.00000000e+00  2.20677364e-07  2.02998045e-07  2.02998045e-04  2.17941413e-07  1.28016195e-14  2.08704144e-07  1.15115519e-14  1.23991094e-14  2.18870212e-07  2.06423646e-07 
 1.00000000e+00  0.00000000e+00  1.00000000e+00  1.00000000e+00  0.00000000e+00  0.00000000e+00  1.00000000e+00  1.00000000e+00  2.22641773e-07  2.04835742e-07  2.04835742e-04  1.07021985e-14  2.05326134e-07  2.08703880e-07  1.15079901e-14  1.23972620e-14  2.18870180e-07  2.06423630e-07 
 1.00000000e+00  1.00000000e+00  1.00000000e+00  1.00000000e+00  0.00000000e+00  0.00000000e+00  1.00000000e+00  1.00000000e+00  2.24807737e-07  2.06862343e-07  2.06862343e-04  2.17940834e-07  2.05325614e-07  2.08703619e-07  1.15043755e-14  1.23953016e-14  2.18870145e-07  2.06423613e-07 
 1.00000000e+00  0.00000000e+00  0.00000000e+00  0.00000000e+00  1.00000000e+00  0.00000000e+00  1.00000000e+00  1.00000000e+00  2.27593287e-07  2.09469199e-07  2.09469199e-04  1.07447236e-14  1.28428279e-14  1.24595876e-14  2.15762487e-07  1.23929048e-14  2.18870101e-07  2.06423591e-07 
 1.00000000e+00  1.00000000e+00  0.00000000e+00  0.00000000e+00  1.00000000e+00  0.00000000e+00  1.00000000e+00  1.00000000e+00  2.29938037e-07  2.11663997e-07  2.11663997e-04  2.17941588e-07  1.28106461e-14  1.24481238e-14  2.15762316e-07  1.23909709e-14  2.18870064e-07  2.06423573e-07 
 1.00000000e+00  0.00000000e+00  1.00000000e+00  0.00000000e+00  1.00000000e+00  0.00000000e+00  1.00000000e+00  1.00000000e+00  2.31892580e-07  2.13493866e-07  2.13493866e-04  1.07071353e-14  2.05326426e-07  1.24404539e-14  2.15762182e-07  1.23894227e-14  2.18870034e-07  2.06423558e-07 
 1.00000000e+00  1.00000000e+00  1.00000000e+00  0.00000000e+00  1.00000000e+00  0.00000000e+00  1.00000000e+00  1.00000000e+00  2.34076293e-07  2.15538633e-07  2.15538633e-04  2.17940962e-07  2.05325839e-07  1.24331384e-14  2.15762041e-07  1.23877440e-14  2.18870001e-07  2.06423541e-07 
 1.00000000e+00  0.00000000e+00  0.00000000e+00  1.00000000e+00  1.00000000e+00  0.00000000e+00  1.00000000e+00  1.00000000e+00  2.36184479e-07  2.17513025e-07  2.17513025e-04  1.07203263e-14  1.28119312e-14  2.08703863e-07  2.15761913e-07  1.23861771e-14  2.18869970e-07  2.06423525e-07 
 1.00000000e+00  1.00000000e+00  0.00000000e+00  1.00000000e+00  1.00000000e+00  0.00000000e+00  1.00000000e+00  1.00000000e+00  2.38372164e-07  2.19562228e-07  2.19562228e-04  2.17941248e-07  1.27939073e-14  2.08703594e-07  2.15761786e-07  1.23846011e-14  2.18869938e-07  2.06423508e-07 
 1.00000000e+00  0.00000000e+00  1.00000000e+00  1.00000000e+00  1.00000000e+00  0.00000000e+00  1.00000000e+00  1.00000000e+00  2.40235648e-07  2.21308040e-07  2.21308040e-04  1.06977894e-14  2.05325871e-07  2.08703385e-07  2.15761683e-07  1.23832985e-14  2.18869911e-07  2.06423494e-07 
 1.00000000e+00  1.00000000e+00  1.00000000e+00  1.00000000e+00  1.00000000e+00  0.00000000e+00  1.00000000e+00  1.00000000e+00  2.42288346e-07  2.23231421e-07  2.23231421e-04  2.17940712e-07  2.05325406e-07  2.08703174e-07  2.15761573e-07  1.23819007e-14  2.18869881e-07  2.06423479e-07 
 1.00000000e+00  0.00000000e+00  0.00000000e+00  0.00000000e+00  0.00000000e+00  1.00000000e+00  1.00000000e+00  1.00000000e+00  2.45604343e-07  2.26339188e-07  2.26339188e-04  1.07568096e-14  1.28578801e-14  1.24751277e-14  1.15156662e-14  2.17935735e-07  2.18869834e-07  2.06423454e-07 
 1.00000000e+00  1.00000000e+00  0.00000000e+00  0.00000000e+00  0.00000000e+00  1.00000000e+00  1.00000000e+00  1.00000000e+00  2.47984034e-07  2.28569953e-07  2.28569953e-04  2.17941687e-07  1.28163179e-14  1.24590582e-14  1.15109518e-14  2.17935661e-07  2.18869801e-07  2.06423437e-07 
 1.00000000e+00  0.00000000e+00  1.00000000e+00  0.00000000e+00  0.00000000e+00  1.00000000e+00  1.00000000e+00  1.00000000e+00  2.49962821e-07  2.30425227e-07  2.30425227e-04  1.07100992e-14  2.05326600e-07  1.24492688e-14  1.15074106e-14  2.17935600e-07  2.18869774e-07  2.06423422e-07 
 1.00000000e+00  1.00000000e+00  1.00000000e+00  0.00000000e+00  0.00000000e+00  1.00000000e+00  1.00000000e+00  1.00000000e+00  2.52170985e-07  2.32495906e-07  2.32495906e-04  2.17941032e-07  2.05325967e-07  1.24403732e-14  1.15037799e-14  2.17935534e-07  2.18869744e-07  2.06423406e-07 
 1.00000000e+00  0.00000000e+00  0.00000000e+00  1.00000000e+00  0.00000000e+00  1.00000000e+00  1.00000000e+00  1.00000000e+00  2.54261730e-07  2.34456811e-07  2.34456811e-04  1.07248904e-14  1.28177767e-14  2.08704158e-07  1.15005960e-14  2.17935473e-07  2.18869716e-07  2.06423391e-07 
 1.00000000e+00  1.00000000e+00  0.00000000e+00  1.00000000e+00  0.00000000e+00  1.00000000e+00  1.00000000e+00  1.00000000e+00  2.56466875e-07  2.36525365e-07  2.36525365e-04  2.17941328e-07  1.27975838e-14  2.08703851e-07  1.14974676e-14  2.17935410e-07  2.18869687e-07  2.06423376e-07 
 1.00000000e+00  0.00000000e+00  1.00000000e+00  1.00000000e+00  0.00000000e+00  1.00000000e+00  1.00000000e+00  1.00000000e+00  2.58342556e-07  2.38285144e-07  2.38285144e-04  1.06999157e-14  2.05325998e-07  2.08703619e-07  1.14949615e-14  2.17935358e-07  2.18869662e-07  2.06423362e-07 
 1.00000000e+00  1.00000000e+00  1.00000000e+00  1.00000000e+00  0.00000000e+00  1.00000000e+00  1.00000000e+00  1.00000000e+00  2.60405568e-07  2.40220981e-07  2.40220981e-04  2.17940772e-07  2.05325508e-07  2.08703386e-07  1.14923410e-14  2.17935301e-07  2.18869635e-07  2.06423348e-07 
 1.00000000e+00  0.00000000e+00  0.00000000e+00  0.00000000e+00  1.00000000e+00  1.00000000e+00  1.00000000e+00  1.00000000e+00  2.63160988e-07  2.42807030e-07  2.42807030e-04  1.07363994e-14  1.28323706e-14  1.24486739e-14  2.15761905e-07  2.17935228e-07  2.18869600e-07  2.06423329e-07 
 1.00000000e+00  1.00000000e+00  0.00000000e+00  0.00000000e+00  1.00000000e+00  1.00000000e+00  1.00000000e+00  1.00000000e+00  2.65392190e-07  2.44901493e-07  2.44901493e-04  2.17941496e-07  1.28057774e-14  1.24396795e-14  2.15761773e-07  2.17935170e-07  2.18869572e-07  2.06423313e-07 
 1.00000000e+00  0.00000000e+00  1.00000000e+00  0.00000000e+00  1.00000000e+00  1.00000000e+00  1.00000000e+00  1.00000000e+00  2.67262811e-07  2.46657754e-07  2.46657754e-04  1.07045203e-14  2.05326272e-07  1.24332982e-14  2.15761668e-07  2.17935122e-07  2.18869548e-07  2.06423300e-07 
 1.00000000e+00  1.00000000e+00  1.00000000e+00  0.00000000e+00  1.00000000e+00  1.00000000e+00  1.00000000e+00  1.00000000e+00  2.69338270e-07  2.48606630e-07  2.48606630e-04  2.17940896e-07  2.05325722e-07  1.24270613e-14  2.15761555e-07  2.17935070e-07  2.18869523e-07  2.06423286e-07 
 1.00000000e+00  0.00000000e+00  0.00000000e+00  1.00000000e+00  1.00000000e+00  1.00000000e+00  1.00000000e+00  1.00000000e+00  2.71371474e-07  2.50516133e-07  2.50516133e-04  1.07164650e-14  1.28069628e-14  2.08703611e-07  2.15761449e-07  2.17935020e-07  2.18869498e-07  2.06423273e-07 
 1.00000000e+00  1.00000000e+00  0.00000000e+00  1.00000000e+00  1.00000000e+00  1.00000000e+00  1.00000000e+00  1.00000000e+00  2.73465025e-07  2.52482626e-07  2.52482626e-04  2.17941174e-07  1.27906163e-14  2.08703370e-07  2.15761344e-07  2.17934970e-07  2.18869472e-07  2.06423258e-07 
 1.00000000e+00  0.00000000e+00  1.00000000e+00  1.00000000e+00  1.00000000e+00  1.00000000e+00  1.00000000e+00  1.00000000e+00  2.75254624e-07  2.54163866e-07  2.54163866e-04  1.06958615e-14  2.05325755e-07  2.08703180e-07  2.15761257e-07  2.17934927e-07  2.18869451e-07  2.06423247e-07 
 1.00000000e+00  1.00000000e+00  1.00000000e+00  1.00000000e+00  1.00000000e+00  1.00000000e+00  1.00000000e+00  1.00000000e+00  2.77218414e-07  2.56009015e-07  2.56009015e-04  2.17940655e-07  2.05325313e-07  2.08702986e-07  2.15761165e-07  2.17934882e-07  2.18869427e-07  2.06423233e-07 
