 yes             v(b0)           v(b1)           v(b2)           v(b3)           v(b4)           v(b5)           v(b6)           i(Vitest)       i(Viout)        v(Vout)         i(v.x3.vib0)    i(v.x3.vib1)    i(v.x3.vib2)    i(v.x3.vib3)    i(v.x3.vib4)    i(v.x3.vib5)    i(v.x3.vib6)   
 1.00000000e+00  0.00000000e+00  0.00000000e+00  0.00000000e+00  0.00000000e+00  0.00000000e+00  0.00000000e+00  0.00000000e+00  1.28598764e-11  3.94180827e-12  3.94180827e-09  1.16488949e-14  1.22900976e-14  1.16080835e-14  1.25256974e-14  1.25186956e-14  1.17877067e-14  1.21113322e-14 
 1.00000000e+00  1.00000000e+00  0.00000000e+00  0.00000000e+00  0.00000000e+00  0.00000000e+00  0.00000000e+00  0.00000000e+00  1.45313565e-09  5.89400071e-12  5.89400071e-09  1.19833886e-07  1.20582800e-14  1.14025826e-14  1.23310245e-14  1.23493505e-14  1.16421755e-14  1.19784629e-14 
 1.00000000e+00  0.00000000e+00  1.00000000e+00  0.00000000e+00  0.00000000e+00  0.00000000e+00  0.00000000e+00  0.00000000e+00  2.81678179e-09  1.83132895e-11  1.83132895e-08  1.14098267e-14  1.21813377e-07  1.13806068e-14  1.23088609e-14  1.23286202e-14  1.16229842e-14  1.19597849e-14 
 1.00000000e+00  1.00000000e+00  1.00000000e+00  0.00000000e+00  0.00000000e+00  0.00000000e+00  0.00000000e+00  0.00000000e+00  4.14510275e-09  7.98223051e-11  7.98223051e-08  1.19833520e-07  1.21813007e-07  1.13670942e-14  1.22954129e-14  1.23161579e-14  1.16115155e-14  1.19486677e-14 
 1.00000000e+00  0.00000000e+00  0.00000000e+00  1.00000000e+00  0.00000000e+00  0.00000000e+00  0.00000000e+00  0.00000000e+00  5.22091463e-09  2.30566021e-10  2.30566021e-07  1.14311807e-14  1.20573643e-14  1.19021614e-07  1.22871624e-14  1.23085616e-14  1.16045578e-14  1.19419461e-14 
 1.00000000e+00  1.00000000e+00  0.00000000e+00  1.00000000e+00  0.00000000e+00  0.00000000e+00  0.00000000e+00  0.00000000e+00  6.56305303e-09  6.19140188e-10  6.19140188e-07  1.19833679e-07  1.20338134e-14  1.19021402e-07  1.22787794e-14  1.23008979e-14  1.15975710e-14  1.19352112e-14 
 1.00000000e+00  0.00000000e+00  1.00000000e+00  1.00000000e+00  0.00000000e+00  0.00000000e+00  0.00000000e+00  0.00000000e+00  7.84818610e-09  1.19108528e-09  1.19108528e-06  1.13958406e-14  1.21812997e-07  1.19021230e-07  1.22720775e-14  1.22948079e-14  1.15920370e-14  1.19299006e-14 
 1.00000000e+00  1.00000000e+00  1.00000000e+00  1.00000000e+00  0.00000000e+00  0.00000000e+00  0.00000000e+00  0.00000000e+00  9.07789526e-09  1.87370090e-09  1.87370090e-06  1.19833377e-07  1.21812724e-07  1.19021086e-07  1.22665106e-14  1.22897799e-14  1.15874920e-14  1.19255416e-14 
 1.00000000e+00  0.00000000e+00  0.00000000e+00  0.00000000e+00  1.00000000e+00  0.00000000e+00  0.00000000e+00  0.00000000e+00  1.04964892e-08  2.77328793e-09  2.77328793e-06  1.14515864e-14  1.20788863e-14  1.13815099e-14  1.21840299e-07  1.22846970e-14  1.15829107e-14  1.19211686e-14 
 1.00000000e+00  1.00000000e+00  0.00000000e+00  0.00000000e+00  1.00000000e+00  0.00000000e+00  0.00000000e+00  0.00000000e+00  1.18399014e-08  3.70102934e-09  3.70102934e-06  1.19833772e-07  1.20436263e-14  1.13672718e-14  1.21840188e-07  1.22804218e-14  1.15790763e-14  1.19175181e-14 
 1.00000000e+00  0.00000000e+00  1.00000000e+00  0.00000000e+00  1.00000000e+00  0.00000000e+00  0.00000000e+00  0.00000000e+00  1.31086755e-08  4.62490650e-09  4.62490650e-06  1.14018629e-14  1.21813161e-07  1.13572383e-14  1.21840092e-07  1.22767677e-14  1.15758099e-14  1.19144126e-14 
 1.00000000e+00  1.00000000e+00  1.00000000e+00  0.00000000e+00  1.00000000e+00  0.00000000e+00  0.00000000e+00  0.00000000e+00  1.43310037e-08  5.54744993e-09  5.54744993e-06  1.19833443e-07  1.21812851e-07  1.13493019e-14  1.21840007e-07  1.22735324e-14  1.15729299e-14  1.19116833e-14 
 1.00000000e+00  0.00000000e+00  0.00000000e+00  1.00000000e+00  1.00000000e+00  0.00000000e+00  0.00000000e+00  0.00000000e+00  1.53717051e-08  6.35251097e-09  6.35251097e-06  1.14180580e-14  1.20432887e-14  1.19021237e-07  1.21839939e-07  1.22709680e-14  1.15706512e-14  1.19095248e-14 
 1.00000000e+00  1.00000000e+00  0.00000000e+00  1.00000000e+00  1.00000000e+00  0.00000000e+00  0.00000000e+00  0.00000000e+00  1.66056736e-08  7.32578646e-09  7.32578646e-06  1.19833591e-07  1.20255338e-14  1.19021085e-07  1.21839863e-07  1.22681197e-14  1.15681275e-14  1.19071412e-14 
 1.00000000e+00  0.00000000e+00  1.00000000e+00  1.00000000e+00  1.00000000e+00  0.00000000e+00  0.00000000e+00  0.00000000e+00  1.78112088e-08  8.29266918e-09  8.29266918e-06  1.13904791e-14  1.21812848e-07  1.19020953e-07  1.21839794e-07  1.22655128e-14  1.15658199e-14  1.19049697e-14 
 1.00000000e+00  1.00000000e+00  1.00000000e+00  1.00000000e+00  1.00000000e+00  0.00000000e+00  0.00000000e+00  0.00000000e+00  1.89589850e-08  9.22539901e-09  9.22539901e-06  1.19833313e-07  1.21812606e-07  1.19020839e-07  1.21839731e-07  1.22631679e-14  1.15637548e-14  1.19030245e-14 
 1.00000000e+00  0.00000000e+00  0.00000000e+00  0.00000000e+00  0.00000000e+00  1.00000000e+00  0.00000000e+00  0.00000000e+00  1.95737602e-08  9.72920653e-09  9.72920653e-06  1.14730028e-14  1.21011563e-14  1.14046396e-14  1.22870934e-14  1.18703686e-07  1.15626964e-14  1.19020294e-14 
 1.00000000e+00  1.00000000e+00  0.00000000e+00  0.00000000e+00  0.00000000e+00  1.00000000e+00  0.00000000e+00  0.00000000e+00  2.09399168e-08  1.08579040e-08  1.08579040e-05  1.19833827e-07  1.20502729e-14  1.13810721e-14  1.22784760e-14  1.18703630e-07  1.15604473e-14  1.18999182e-14 
 1.00000000e+00  0.00000000e+00  1.00000000e+00  0.00000000e+00  0.00000000e+00  1.00000000e+00  0.00000000e+00  0.00000000e+00  2.22202330e-08  1.19256507e-08  1.19256507e-05  1.14056470e-14  1.21813264e-07  1.13673478e-14  1.22717692e-14  1.18703580e-07  1.15584599e-14  1.18980593e-14 
 1.00000000e+00  1.00000000e+00  1.00000000e+00  0.00000000e+00  0.00000000e+00  1.00000000e+00  0.00000000e+00  0.00000000e+00  2.34571037e-08  1.29650220e-08  1.29650220e-05  1.19833481e-07  1.21812927e-07  1.13573559e-14  1.22661280e-14  1.18703534e-07  1.15566325e-14  1.18963507e-14 
 1.00000000e+00  0.00000000e+00  0.00000000e+00  1.00000000e+00  0.00000000e+00  1.00000000e+00  0.00000000e+00  0.00000000e+00  2.44881062e-08  1.38365778e-08  1.38365778e-05  1.14240627e-14  1.20497541e-14  1.19021411e-07  1.22619069e-14  1.18703497e-07  1.15551774e-14  1.18949966e-14 
 1.00000000e+00  1.00000000e+00  0.00000000e+00  1.00000000e+00  0.00000000e+00  1.00000000e+00  0.00000000e+00  0.00000000e+00  2.57391353e-08  1.48997427e-08  1.48997427e-05  1.19833635e-07  1.20295291e-14  1.19021235e-07  1.22572348e-14  1.18703455e-07  1.15534788e-14  1.18934220e-14 
 1.00000000e+00  0.00000000e+00  1.00000000e+00  1.00000000e+00  0.00000000e+00  1.00000000e+00  0.00000000e+00  0.00000000e+00  2.69462817e-08  1.59308329e-08  1.59308329e-05  1.13931048e-14  1.21812921e-07  1.19021086e-07  1.22531095e-14  1.18703415e-07  1.15519184e-14  1.18919642e-14 
 1.00000000e+00  1.00000000e+00  1.00000000e+00  1.00000000e+00  0.00000000e+00  1.00000000e+00  0.00000000e+00  0.00000000e+00  2.80930216e-08  1.69145882e-08  1.69145882e-05  1.19833345e-07  1.21812665e-07  1.19020959e-07  1.22494786e-14  1.18703379e-07  1.15504909e-14  1.18906406e-14 
 1.00000000e+00  0.00000000e+00  0.00000000e+00  0.00000000e+00  1.00000000e+00  1.00000000e+00  0.00000000e+00  0.00000000e+00  2.94995511e-08  1.81263145e-08  1.81263145e-05  1.14395429e-14  1.20662251e-14  1.13681645e-14  1.21839939e-07  1.18703336e-07  1.15488045e-14  1.18890850e-14 
 1.00000000e+00  1.00000000e+00  0.00000000e+00  0.00000000e+00  1.00000000e+00  1.00000000e+00  0.00000000e+00  0.00000000e+00  3.07602683e-08  1.92167491e-08  1.92167491e-05  1.19833723e-07  1.20383312e-14  1.13576528e-14  1.21839859e-07  1.18703299e-07  1.15473573e-14  1.18877451e-14 
 1.00000000e+00  0.00000000e+00  1.00000000e+00  0.00000000e+00  1.00000000e+00  1.00000000e+00  0.00000000e+00  0.00000000e+00  3.19606686e-08  2.02584694e-08  2.02584694e-05  1.13986879e-14  1.21813075e-07  1.13495738e-14  1.21839788e-07  1.18703265e-07  1.15460279e-14  1.18865140e-14 
 1.00000000e+00  1.00000000e+00  1.00000000e+00  0.00000000e+00  1.00000000e+00  1.00000000e+00  0.00000000e+00  0.00000000e+00  3.31174302e-08  2.12652532e-08  2.12652532e-05  1.19833409e-07  1.21812786e-07  1.13429187e-14  1.21839723e-07  1.18703233e-07  1.15447907e-14  1.18853762e-14 
 1.00000000e+00  0.00000000e+00  0.00000000e+00  1.00000000e+00  1.00000000e+00  1.00000000e+00  0.00000000e+00  0.00000000e+00  3.41259317e-08  2.21451822e-08  2.21451822e-05  1.14132976e-14  1.20381293e-14  1.19021097e-07  1.21839669e-07  1.18703206e-07  1.15437382e-14  1.18844126e-14 
 1.00000000e+00  1.00000000e+00  0.00000000e+00  1.00000000e+00  1.00000000e+00  1.00000000e+00  0.00000000e+00  0.00000000e+00  3.53016523e-08  2.31734073e-08  2.31734073e-05  1.19833553e-07  1.20221544e-14  1.19020962e-07  1.21839609e-07  1.18703175e-07  1.15425487e-14  1.18833165e-14 
 1.00000000e+00  0.00000000e+00  1.00000000e+00  1.00000000e+00  1.00000000e+00  1.00000000e+00  0.00000000e+00  0.00000000e+00  3.64507345e-08  2.41806702e-08  2.41806702e-05  1.13882090e-14  1.21812785e-07  1.19020843e-07  1.21839553e-07  1.18703146e-07  1.15414231e-14  1.18822841e-14 
 1.00000000e+00  1.00000000e+00  1.00000000e+00  1.00000000e+00  1.00000000e+00  1.00000000e+00  0.00000000e+00  0.00000000e+00  3.75424150e-08  2.51396213e-08  2.51396213e-05  1.19833284e-07  1.21812555e-07  1.19020738e-07  1.21839502e-07  1.18703119e-07  1.15403773e-14  1.18813260e-14 
 1.00000000e+00  0.00000000e+00  0.00000000e+00  0.00000000e+00  0.00000000e+00  0.00000000e+00  1.00000000e+00  0.00000000e+00  3.79908495e-08  2.55340734e-08  2.55340734e-05  1.14924202e-14  1.21211556e-14  1.14251337e-14  1.23099263e-14  1.22857313e-14  1.19180686e-07  1.18809387e-14 
 1.00000000e+00  1.00000000e+00  0.00000000e+00  0.00000000e+00  0.00000000e+00  0.00000000e+00  1.00000000e+00  0.00000000e+00  3.94002675e-08  2.67757714e-08  2.67757714e-05  1.19833855e-07  1.20538831e-14  1.13897910e-14  1.22953896e-14  1.22812014e-14  1.19180655e-07  1.18797591e-14 
 1.00000000e+00  0.00000000e+00  1.00000000e+00  0.00000000e+00  0.00000000e+00  0.00000000e+00  1.00000000e+00  0.00000000e+00  4.07218881e-08  2.79426659e-08  2.79426659e-05  1.14075842e-14  1.21813316e-07  1.13731269e-14  1.22854643e-14  1.22773900e-14  1.19180626e-07  1.18786831e-14 
 1.00000000e+00  1.00000000e+00  1.00000000e+00  0.00000000e+00  0.00000000e+00  0.00000000e+00  1.00000000e+00  0.00000000e+00  4.20009454e-08  2.90741844e-08  2.90741844e-05  1.19833500e-07  1.21812964e-07  1.13617404e-14  1.22776800e-14  1.22740137e-14  1.19180599e-07  1.18776791e-14 
 1.00000000e+00  0.00000000e+00  0.00000000e+00  1.00000000e+00  0.00000000e+00  0.00000000e+00  1.00000000e+00  0.00000000e+00  4.30476044e-08  3.00016400e-08  3.00016400e-05  1.14272883e-14  1.20532106e-14  1.19021504e-07  1.22721989e-14  1.22714499e-14  1.19180578e-07  1.18768729e-14 
 1.00000000e+00  1.00000000e+00  0.00000000e+00  1.00000000e+00  0.00000000e+00  0.00000000e+00  1.00000000e+00  0.00000000e+00  4.43345457e-08  3.11438046e-08  3.11438046e-05  1.19833656e-07  1.20315302e-14  1.19021312e-07  1.22662858e-14  1.22684865e-14  1.19180552e-07  1.18759092e-14 
 1.00000000e+00  0.00000000e+00  1.00000000e+00  1.00000000e+00  0.00000000e+00  0.00000000e+00  1.00000000e+00  0.00000000e+00  4.55744974e-08  3.22460485e-08  3.22460485e-05  1.13943957e-14  1.21812957e-07  1.19021153e-07  1.22612492e-14  1.22658161e-14  1.19180528e-07  1.18750026e-14 
 1.00000000e+00  1.00000000e+00  1.00000000e+00  1.00000000e+00  0.00000000e+00  0.00000000e+00  1.00000000e+00  0.00000000e+00  4.67572347e-08  3.32989868e-08  3.32989868e-05  1.19833360e-07  1.21812693e-07  1.19021018e-07  1.22569054e-14  1.22634096e-14  1.19180506e-07  1.18741582e-14 
 1.00000000e+00  0.00000000e+00  0.00000000e+00  0.00000000e+00  1.00000000e+00  0.00000000e+00  1.00000000e+00  0.00000000e+00  4.81699139e-08  3.45585312e-08  3.45585312e-05  1.14448020e-14  1.20717706e-14  1.13740319e-14  1.21840098e-07  1.22606935e-14  1.19180479e-07  1.18731844e-14 
 1.00000000e+00  1.00000000e+00  0.00000000e+00  0.00000000e+00  1.00000000e+00  0.00000000e+00  1.00000000e+00  0.00000000e+00  4.94653810e-08  3.57153062e-08  3.57153062e-05  1.19833746e-07  1.20408040e-14  1.13620188e-14  1.21840006e-07  1.22583378e-14  1.19180456e-07  1.18723076e-14 
 1.00000000e+00  0.00000000e+00  1.00000000e+00  0.00000000e+00  1.00000000e+00  0.00000000e+00  1.00000000e+00  0.00000000e+00  5.06912864e-08  3.68114319e-08  3.68114319e-05  1.14001879e-14  1.21813116e-07  1.13531216e-14  1.21839925e-07  1.22562092e-14  1.19180434e-07  1.18714977e-14 
 1.00000000e+00  1.00000000e+00  1.00000000e+00  0.00000000e+00  1.00000000e+00  0.00000000e+00  1.00000000e+00  0.00000000e+00  5.18714818e-08  3.78679813e-08  3.78679813e-05  1.19833426e-07  1.21812817e-07  1.13459040e-14  1.21839852e-07  1.22542478e-14  1.19180414e-07  1.18707339e-14 
 1.00000000e+00  0.00000000e+00  0.00000000e+00  1.00000000e+00  1.00000000e+00  0.00000000e+00  1.00000000e+00  0.00000000e+00  5.28877077e-08  3.87787227e-08  3.87787227e-05  1.14155271e-14  1.20405530e-14  1.19021163e-07  1.21839792e-07  1.22526217e-14  1.19180396e-07  1.18700917e-14 
 1.00000000e+00  1.00000000e+00  0.00000000e+00  1.00000000e+00  1.00000000e+00  0.00000000e+00  1.00000000e+00  0.00000000e+00  5.40782552e-08  3.98468107e-08  3.98468107e-05  1.19833572e-07  1.20237629e-14  1.19021020e-07  1.21839726e-07  1.22507783e-14  1.19180377e-07  1.18693513e-14 
 1.00000000e+00  0.00000000e+00  1.00000000e+00  1.00000000e+00  1.00000000e+00  0.00000000e+00  1.00000000e+00  0.00000000e+00  5.52389320e-08  4.08892272e-08  4.08892272e-05  1.13892934e-14  1.21812815e-07  1.19020895e-07  1.21839664e-07  1.22490528e-14  1.19180357e-07  1.18686504e-14 
 1.00000000e+00  1.00000000e+00  1.00000000e+00  1.00000000e+00  1.00000000e+00  0.00000000e+00  1.00000000e+00  0.00000000e+00  5.63436813e-08  4.18824163e-08  4.18824163e-05  1.19833298e-07  1.21812580e-07  1.19020786e-07  1.21839608e-07  1.22474606e-14  1.19180340e-07  1.18679895e-14 
 1.00000000e+00  0.00000000e+00  0.00000000e+00  0.00000000e+00  0.00000000e+00  1.00000000e+00  1.00000000e+00  0.00000000e+00  5.71092882e-08  4.25712687e-08  4.25712687e-05  1.14609185e-14  1.20886199e-14  1.13916661e-14  1.22724513e-14  1.18703345e-07  1.19180327e-07  1.18675392e-14 
 1.00000000e+00  1.00000000e+00  0.00000000e+00  0.00000000e+00  0.00000000e+00  1.00000000e+00  1.00000000e+00  0.00000000e+00  5.84262289e-08  4.37572228e-08  4.37572228e-05  1.19833800e-07  1.20469358e-14  1.13738606e-14  1.22663222e-14  1.18703305e-07  1.19180307e-07  1.18667732e-14 
 1.00000000e+00  0.00000000e+00  1.00000000e+00  0.00000000e+00  0.00000000e+00  1.00000000e+00  1.00000000e+00  0.00000000e+00  5.96689611e-08  4.48775246e-08  4.48775246e-05  1.14037914e-14  1.21813214e-07  1.13622274e-14  1.22612334e-14  1.18703269e-07  1.19180288e-07  1.18660710e-14 
 1.00000000e+00  1.00000000e+00  1.00000000e+00  0.00000000e+00  0.00000000e+00  1.00000000e+00  1.00000000e+00  0.00000000e+00  6.08646834e-08  4.59564937e-08  4.59564937e-05  1.19833463e-07  1.21812890e-07  1.13533467e-14  1.22568102e-14  1.18703236e-07  1.19180270e-07  1.18654098e-14 
 1.00000000e+00  0.00000000e+00  0.00000000e+00  1.00000000e+00  0.00000000e+00  1.00000000e+00  1.00000000e+00  0.00000000e+00  6.18728942e-08  4.68670371e-08  4.68670371e-05  1.14210825e-14  1.20465518e-14  1.19021325e-07  1.22533740e-14  1.18703209e-07  1.19180255e-07  1.18648541e-14 
 1.00000000e+00  1.00000000e+00  0.00000000e+00  1.00000000e+00  0.00000000e+00  1.00000000e+00  1.00000000e+00  0.00000000e+00  6.30862331e-08  4.79637563e-08  4.79637563e-05  1.19833614e-07  1.20275967e-14  1.19021162e-07  1.22495313e-14  1.18703177e-07  1.19180237e-07  1.18642028e-14 
 1.00000000e+00  0.00000000e+00  1.00000000e+00  1.00000000e+00  0.00000000e+00  1.00000000e+00  1.00000000e+00  0.00000000e+00  6.42646171e-08  4.90298183e-08  4.90298183e-05  1.13918441e-14  1.21812886e-07  1.19021021e-07  1.22460590e-14  1.18703147e-07  1.19180220e-07  1.18635776e-14 
 1.00000000e+00  1.00000000e+00  1.00000000e+00  1.00000000e+00  0.00000000e+00  1.00000000e+00  1.00000000e+00  0.00000000e+00  6.53848689e-08  5.00441258e-08  5.00441258e-05  1.19833330e-07  1.21812637e-07  1.19020901e-07  1.22429532e-14  1.18703119e-07  1.19180204e-07  1.18629983e-14 
 1.00000000e+00  0.00000000e+00  0.00000000e+00  0.00000000e+00  1.00000000e+00  1.00000000e+00  1.00000000e+00  0.00000000e+00  6.67904039e-08  5.13178624e-08  5.13178624e-05  1.14349769e-14  1.20613957e-14  1.13630212e-14  1.21839798e-07  1.18703085e-07  1.19180184e-07  1.18622789e-14 
 1.00000000e+00  1.00000000e+00  0.00000000e+00  0.00000000e+00  1.00000000e+00  1.00000000e+00  1.00000000e+00  0.00000000e+00  6.80208676e-08  5.24339485e-08  5.24339485e-05  1.19833701e-07  1.20359924e-14  1.13536812e-14  1.21839728e-07  1.18703056e-07  1.19180167e-07  1.18616607e-14 
 1.00000000e+00  0.00000000e+00  1.00000000e+00  0.00000000e+00  1.00000000e+00  1.00000000e+00  1.00000000e+00  0.00000000e+00  6.91937107e-08  5.34986221e-08  5.34986221e-05  1.13972475e-14  1.21813035e-07  1.13462780e-14  1.21839664e-07  1.18703029e-07  1.19180151e-07  1.18610817e-14 
 1.00000000e+00  1.00000000e+00  1.00000000e+00  0.00000000e+00  1.00000000e+00  1.00000000e+00  1.00000000e+00  0.00000000e+00  7.03179726e-08  5.45199596e-08  5.45199596e-05  1.19833393e-07  1.21812755e-07  1.13400975e-14  1.21839606e-07  1.18703003e-07  1.19180136e-07  1.18605331e-14 
 1.00000000e+00  0.00000000e+00  0.00000000e+00  1.00000000e+00  1.00000000e+00  1.00000000e+00  1.00000000e+00  0.00000000e+00  7.13062568e-08  5.54183743e-08  5.54183743e-05  1.14111966e-14  1.20358404e-14  1.19021034e-07  1.21839556e-07  1.18702982e-07  1.19180123e-07  1.18600609e-14 
 1.00000000e+00  1.00000000e+00  0.00000000e+00  1.00000000e+00  1.00000000e+00  1.00000000e+00  1.00000000e+00  0.00000000e+00  7.24525562e-08  5.64611326e-08  5.64611326e-05  1.19833535e-07  1.20205991e-14  1.19020907e-07  1.21839502e-07  1.18702957e-07  1.19180108e-07  1.18595155e-14 
 1.00000000e+00  0.00000000e+00  1.00000000e+00  1.00000000e+00  1.00000000e+00  1.00000000e+00  1.00000000e+00  0.00000000e+00  7.35767848e-08  5.74845283e-08  5.74845283e-05  1.13871567e-14  1.21812755e-07  1.19020792e-07  1.21839450e-07  1.18702933e-07  1.19180094e-07  1.18589944e-14 
 1.00000000e+00  1.00000000e+00  1.00000000e+00  1.00000000e+00  1.00000000e+00  1.00000000e+00  1.00000000e+00  0.00000000e+00  7.46433930e-08  5.84561144e-08  5.84561144e-05  1.19833271e-07  1.21812531e-07  1.19020691e-07  1.21839403e-07  1.18702911e-07  1.19180080e-07  1.18585065e-14 
 1.00000000e+00  0.00000000e+00  0.00000000e+00  0.00000000e+00  0.00000000e+00  0.00000000e+00  0.00000000e+00  1.00000000e+00  7.90913876e-08  6.25143652e-08  6.25143652e-05  1.15106707e-14  1.21398450e-14  1.14441450e-14  1.23308604e-14  1.23071306e-14  1.15618616e-14  1.21810530e-07 
 1.00000000e+00  1.00000000e+00  0.00000000e+00  0.00000000e+00  0.00000000e+00  0.00000000e+00  0.00000000e+00  1.00000000e+00  8.05635158e-08  6.38597400e-08  6.38597400e-05  1.19833869e-07  1.20558580e-14  1.13951614e-14  1.23079181e-14  1.22993395e-14  1.15595929e-14  1.21810514e-07 
 1.00000000e+00  0.00000000e+00  1.00000000e+00  0.00000000e+00  0.00000000e+00  0.00000000e+00  0.00000000e+00  1.00000000e+00  8.19452899e-08  6.51235187e-08  6.51235187e-05  1.14086102e-14  1.21813344e-07  1.13764275e-14  1.22946087e-14  1.22933236e-14  1.15575972e-14  1.21810500e-07 
 1.00000000e+00  1.00000000e+00  1.00000000e+00  0.00000000e+00  0.00000000e+00  0.00000000e+00  0.00000000e+00  1.00000000e+00  8.32862139e-08  6.63508243e-08  6.63508243e-05  1.19833509e-07  1.21812984e-07  1.13641442e-14  1.22849490e-14  1.22882901e-14  1.15557513e-14  1.21810486e-07 
 1.00000000e+00  0.00000000e+00  0.00000000e+00  1.00000000e+00  0.00000000e+00  0.00000000e+00  0.00000000e+00  1.00000000e+00  8.43814011e-08  6.73538534e-08  6.73538534e-05  1.14290484e-14  1.20550881e-14  1.19021554e-07  1.22784848e-14  1.22846123e-14  1.15543152e-14  1.21810474e-07 
 1.00000000e+00  1.00000000e+00  0.00000000e+00  1.00000000e+00  0.00000000e+00  0.00000000e+00  0.00000000e+00  1.00000000e+00  8.57354270e-08  6.85947211e-08  6.85947211e-05  1.19833666e-07  1.20325802e-14  1.19021353e-07  1.22716546e-14  1.22804785e-14  1.15526150e-14  1.21810461e-07 
 1.00000000e+00  0.00000000e+00  1.00000000e+00  1.00000000e+00  0.00000000e+00  0.00000000e+00  0.00000000e+00  1.00000000e+00  8.70328780e-08  6.97845395e-08  6.97845395e-05  1.13950626e-14  1.21812975e-07  1.19021188e-07  1.22659690e-14  1.22768739e-14  1.15510487e-14  1.21810448e-07 
 1.00000000e+00  1.00000000e+00  1.00000000e+00  1.00000000e+00  0.00000000e+00  0.00000000e+00  0.00000000e+00  1.00000000e+00  8.82690976e-08  7.09189206e-08  7.09189206e-05  1.19833368e-07  1.21812707e-07  1.19021049e-07  1.22611404e-14  1.22737041e-14  1.15496165e-14  1.21810436e-07 
 1.00000000e+00  0.00000000e+00  0.00000000e+00  0.00000000e+00  1.00000000e+00  0.00000000e+00  0.00000000e+00  1.00000000e+00  8.97191534e-08  7.22503967e-08  7.22503967e-05  1.14478022e-14  1.20749190e-14  1.13773468e-14  1.21840187e-07  1.22702559e-14  1.15480019e-14  1.21810422e-07 
 1.00000000e+00  1.00000000e+00  0.00000000e+00  0.00000000e+00  1.00000000e+00  0.00000000e+00  0.00000000e+00  1.00000000e+00  9.10685546e-08  7.34902841e-08  7.34902841e-05  1.19833758e-07  1.20421022e-14  1.13643908e-14  1.21840087e-07  1.22672807e-14  1.15465518e-14  1.21810409e-07 
 1.00000000e+00  0.00000000e+00  1.00000000e+00  0.00000000e+00  1.00000000e+00  0.00000000e+00  0.00000000e+00  1.00000000e+00  9.23456672e-08  7.46644793e-08  7.46644793e-05  1.14009588e-14  1.21813137e-07  1.13549973e-14  1.21840000e-07  1.22646463e-14  1.15452327e-14  1.21810397e-07 
 1.00000000e+00  1.00000000e+00  1.00000000e+00  0.00000000e+00  1.00000000e+00  0.00000000e+00  0.00000000e+00  1.00000000e+00  9.35768761e-08  7.57971322e-08  7.57971322e-05  1.19833434e-07  1.21812833e-07  1.13474647e-14  1.21839922e-07  1.22622521e-14  1.15439977e-14  1.21810385e-07 
 1.00000000e+00  0.00000000e+00  0.00000000e+00  1.00000000e+00  1.00000000e+00  0.00000000e+00  0.00000000e+00  1.00000000e+00  9.46321635e-08  7.67684562e-08  7.67684562e-05  1.14166944e-14  1.20418119e-14  1.19021197e-07  1.21839859e-07  1.22602990e-14  1.15429675e-14  1.21810376e-07 
 1.00000000e+00  1.00000000e+00  0.00000000e+00  1.00000000e+00  1.00000000e+00  0.00000000e+00  0.00000000e+00  1.00000000e+00  9.58745558e-08  7.79125947e-08  7.79125947e-05  1.19833581e-07  1.20245847e-14  1.19021050e-07  1.21839789e-07  1.22581077e-14  1.15417878e-14  1.21810364e-07 
 1.00000000e+00  0.00000000e+00  1.00000000e+00  1.00000000e+00  1.00000000e+00  0.00000000e+00  0.00000000e+00  1.00000000e+00  9.70883934e-08  7.90310518e-08  7.90310518e-05  1.13898441e-14  1.21812831e-07  1.19020922e-07  1.21839723e-07  1.22560645e-14  1.15406679e-14  1.21810353e-07 
 1.00000000e+00  1.00000000e+00  1.00000000e+00  1.00000000e+00  1.00000000e+00  0.00000000e+00  0.00000000e+00  1.00000000e+00  9.82441485e-08  8.00965481e-08  8.00965481e-05  1.19833305e-07  1.21812592e-07  1.19020810e-07  1.21839664e-07  1.22541967e-14  1.15396243e-14  1.21810343e-07 
 1.00000000e+00  0.00000000e+00  0.00000000e+00  0.00000000e+00  0.00000000e+00  1.00000000e+00  0.00000000e+00  1.00000000e+00  9.89641411e-08  8.07605851e-08  8.07605851e-05  1.14660382e-14  1.20939418e-14  1.13971873e-14  1.22787010e-14  1.18703491e-07  1.15389918e-14  1.21810337e-07 
 1.00000000e+00  1.00000000e+00  0.00000000e+00  0.00000000e+00  0.00000000e+00  1.00000000e+00  0.00000000e+00  1.00000000e+00  1.00339681e-07  8.20297963e-08  8.20297963e-05  1.19833813e-07  1.20484702e-14  1.13770912e-14  1.22716288e-14  1.18703446e-07  1.15378024e-14  1.21810325e-07 
 1.00000000e+00  0.00000000e+00  1.00000000e+00  0.00000000e+00  0.00000000e+00  1.00000000e+00  0.00000000e+00  1.00000000e+00  1.01632571e-07  8.32234274e-08  8.32234274e-05  1.14046530e-14  1.21813237e-07  1.13645704e-14  1.22658905e-14  1.18703405e-07  1.15367126e-14  1.21810313e-07 
 1.00000000e+00  1.00000000e+00  1.00000000e+00  0.00000000e+00  0.00000000e+00  1.00000000e+00  0.00000000e+00  1.00000000e+00  1.02875377e-07  8.43714317e-08  8.43714317e-05  1.19833471e-07  1.21812907e-07  1.13551953e-14  1.22609823e-14  1.18703367e-07  1.15356950e-14  1.21810303e-07 
 1.00000000e+00  0.00000000e+00  0.00000000e+00  1.00000000e+00  0.00000000e+00  1.00000000e+00  0.00000000e+00  1.00000000e+00  1.03918356e-07  8.53353099e-08  8.53353099e-05  1.14224562e-14  1.20480316e-14  1.19021365e-07  1.22572184e-14  1.18703336e-07  1.15348570e-14  1.21810294e-07 
 1.00000000e+00  1.00000000e+00  0.00000000e+00  1.00000000e+00  0.00000000e+00  1.00000000e+00  0.00000000e+00  1.00000000e+00  1.05176986e-07  8.64990355e-08  8.64990355e-05  1.19833624e-07  1.20284994e-14  1.19021196e-07  1.22530274e-14  1.18703300e-07  1.15338591e-14  1.21810283e-07 
 1.00000000e+00  0.00000000e+00  1.00000000e+00  1.00000000e+00  0.00000000e+00  1.00000000e+00  0.00000000e+00  1.00000000e+00  1.06394344e-07  8.76251674e-08  8.76251674e-05  1.13924394e-14  1.21812903e-07  1.19021051e-07  1.22492811e-14  1.18703266e-07  1.15329275e-14  1.21810273e-07 
 1.00000000e+00  1.00000000e+00  1.00000000e+00  1.00000000e+00  0.00000000e+00  1.00000000e+00  0.00000000e+00  1.00000000e+00  1.07549881e-07  8.86946206e-08  8.86946206e-05  1.19833337e-07  1.21812650e-07  1.19020928e-07  1.22459543e-14  1.18703235e-07  1.15320555e-14  1.21810264e-07 
 1.00000000e+00  0.00000000e+00  0.00000000e+00  0.00000000e+00  1.00000000e+00  1.00000000e+00  0.00000000e+00  1.00000000e+00  1.08983036e-07  9.00216923e-08  9.00216923e-05  1.14370732e-14  1.20636160e-14  1.13653901e-14  1.21839863e-07  1.18703197e-07  1.15309972e-14  1.21810252e-07 
 1.00000000e+00  1.00000000e+00  0.00000000e+00  0.00000000e+00  1.00000000e+00  1.00000000e+00  0.00000000e+00  1.00000000e+00  1.10246922e-07  9.11926434e-08  9.11926434e-05  1.19833711e-07  1.20370889e-14  1.13555228e-14  1.21839788e-07  1.18703165e-07  1.15300815e-14  1.21810242e-07 
 1.00000000e+00  0.00000000e+00  1.00000000e+00  0.00000000e+00  1.00000000e+00  1.00000000e+00  0.00000000e+00  1.00000000e+00  1.11448568e-07  9.23064621e-08  9.23064621e-05  1.13979237e-14  1.21813054e-07  1.13478173e-14  1.21839721e-07  1.18703135e-07  1.15292303e-14  1.21810232e-07 
 1.00000000e+00  1.00000000e+00  1.00000000e+00  0.00000000e+00  1.00000000e+00  1.00000000e+00  0.00000000e+00  1.00000000e+00  1.12604434e-07  9.33783317e-08  9.33783317e-05  1.19833401e-07  1.21812769e-07  1.13414170e-14  1.21839660e-07  1.18703107e-07  1.15284273e-14  1.21810223e-07 
 1.00000000e+00  0.00000000e+00  0.00000000e+00  1.00000000e+00  1.00000000e+00  1.00000000e+00  0.00000000e+00  1.00000000e+00  1.13616852e-07  9.43175627e-08  9.43175627e-05  1.14121762e-14  1.20369103e-14  1.19021063e-07  1.21839609e-07  1.18703083e-07  1.15277325e-14  1.21810215e-07 
 1.00000000e+00  1.00000000e+00  0.00000000e+00  1.00000000e+00  1.00000000e+00  1.00000000e+00  0.00000000e+00  1.00000000e+00  1.14792805e-07  9.54089555e-08  9.54089555e-05  1.19833544e-07  1.20213328e-14  1.19020933e-07  1.21839552e-07  1.18703056e-07  1.15269438e-14  1.21810206e-07 
 1.00000000e+00  0.00000000e+00  1.00000000e+00  1.00000000e+00  1.00000000e+00  1.00000000e+00  0.00000000e+00  1.00000000e+00  1.15943156e-07  9.64770487e-08  9.64770487e-05  1.13876539e-14  1.21812769e-07  1.19020816e-07  1.21839498e-07  1.18703030e-07  1.15261800e-14  1.21810197e-07 
 1.00000000e+00  1.00000000e+00  1.00000000e+00  1.00000000e+00  1.00000000e+00  1.00000000e+00  0.00000000e+00  1.00000000e+00  1.17033470e-07  9.74898160e-08  9.74898160e-05  1.19833277e-07  1.21812542e-07  1.19020713e-07  1.21839449e-07  1.18703006e-07  1.15254682e-14  1.21810189e-07 
 1.00000000e+00  0.00000000e+00  0.00000000e+00  0.00000000e+00  0.00000000e+00  0.00000000e+00  1.00000000e+00  1.00000000e+00  1.17857445e-07  9.82554534e-08  9.82554534e-05  1.14805654e-14  1.21089626e-14  1.14126599e-14  1.22960692e-14  1.22713756e-14  1.19180322e-07  1.21810183e-07 
 1.00000000e+00  1.00000000e+00  0.00000000e+00  0.00000000e+00  0.00000000e+00  0.00000000e+00  1.00000000e+00  1.00000000e+00  1.19266600e-07  9.95653689e-08  9.95653689e-05  1.19833840e-07  1.20519140e-14  1.13848936e-14  1.22854997e-14  1.22682137e-14  1.19180301e-07  1.21810172e-07 
 1.00000000e+00  0.00000000e+00  1.00000000e+00  0.00000000e+00  0.00000000e+00  0.00000000e+00  1.00000000e+00  1.00000000e+00  1.20583976e-07  1.00790566e-07  1.00790566e-04  1.14065403e-14  1.21813288e-07  1.13699478e-14  1.22776380e-14  1.22654581e-14  1.19180281e-07  1.21810162e-07 
 1.00000000e+00  1.00000000e+00  1.00000000e+00  0.00000000e+00  0.00000000e+00  0.00000000e+00  1.00000000e+00  1.00000000e+00  1.21859562e-07  1.01977441e-07  1.01977441e-04  1.19833490e-07  1.21812944e-07  1.13593574e-14  1.22711855e-14  1.22629467e-14  1.19180262e-07  1.21810153e-07 
 1.00000000e+00  0.00000000e+00  0.00000000e+00  1.00000000e+00  0.00000000e+00  0.00000000e+00  1.00000000e+00  1.00000000e+00  1.22913340e-07  1.02958334e-07  1.02958334e-04  1.14255462e-14  1.20513455e-14  1.19021454e-07  1.22664733e-14  1.22609753e-14  1.19180247e-07  1.21810145e-07 
 1.00000000e+00  1.00000000e+00  0.00000000e+00  1.00000000e+00  0.00000000e+00  0.00000000e+00  1.00000000e+00  1.00000000e+00  1.24197039e-07  1.04153728e-07  1.04153728e-04  1.19833645e-07  1.20304638e-14  1.19021271e-07  1.22612975e-14  1.22586865e-14  1.19180228e-07  1.21810136e-07 
 1.00000000e+00  0.00000000e+00  1.00000000e+00  1.00000000e+00  0.00000000e+00  0.00000000e+00  1.00000000e+00  1.00000000e+00  1.25431425e-07  1.05303699e-07  1.05303699e-04  1.13937122e-14  1.21812938e-07  1.19021117e-07  1.22567894e-14  1.22565849e-14  1.19180211e-07  1.21810127e-07 
 1.00000000e+00  1.00000000e+00  1.00000000e+00  1.00000000e+00  0.00000000e+00  0.00000000e+00  1.00000000e+00  1.00000000e+00  1.26607743e-07  1.06400020e-07  1.06400020e-04  1.19833352e-07  1.21812678e-07  1.19020986e-07  1.22528619e-14  1.22546719e-14  1.19180194e-07  1.21810119e-07 
 1.00000000e+00  0.00000000e+00  0.00000000e+00  0.00000000e+00  1.00000000e+00  0.00000000e+00  1.00000000e+00  1.00000000e+00  1.28036674e-07  1.07732360e-07  1.07732360e-04  1.14419424e-14  1.20687560e-14  1.13708469e-14  1.21840012e-07  1.22524482e-14  1.19180175e-07  1.21810108e-07 
 1.00000000e+00  1.00000000e+00  0.00000000e+00  0.00000000e+00  1.00000000e+00  0.00000000e+00  1.00000000e+00  1.00000000e+00  1.29330687e-07  1.08939448e-07  1.08939448e-04  1.19833734e-07  1.20394935e-14  1.13596777e-14  1.21839927e-07  1.22505142e-14  1.19180157e-07  1.21810099e-07 
 1.00000000e+00  0.00000000e+00  1.00000000e+00  0.00000000e+00  1.00000000e+00  0.00000000e+00  1.00000000e+00  1.00000000e+00  1.30558652e-07  1.10085400e-07  1.10085400e-04  1.13993954e-14  1.21813094e-07  1.13512359e-14  1.21839852e-07  1.22487524e-14  1.19180141e-07  1.21810091e-07 
 1.00000000e+00  1.00000000e+00  1.00000000e+00  0.00000000e+00  1.00000000e+00  0.00000000e+00  1.00000000e+00  1.00000000e+00  1.31741195e-07  1.11189397e-07  1.11189397e-04  1.19833417e-07  1.21812800e-07  1.13443280e-14  1.21839783e-07  1.22471062e-14  1.19180126e-07  1.21810083e-07 
 1.00000000e+00  0.00000000e+00  0.00000000e+00  1.00000000e+00  1.00000000e+00  0.00000000e+00  1.00000000e+00  1.00000000e+00  1.32765782e-07  1.12146272e-07  1.12146272e-04  1.14143529e-14  1.20392724e-14  1.19021128e-07  1.21839727e-07  1.22457268e-14  1.19180112e-07  1.21810076e-07 
 1.00000000e+00  1.00000000e+00  0.00000000e+00  1.00000000e+00  1.00000000e+00  0.00000000e+00  1.00000000e+00  1.00000000e+00  1.33962450e-07  1.13264252e-07  1.13264252e-04  1.19833562e-07  1.20229292e-14  1.19020990e-07  1.21839664e-07  1.22441613e-14  1.19180097e-07  1.21810068e-07 
 1.00000000e+00  0.00000000e+00  1.00000000e+00  1.00000000e+00  1.00000000e+00  0.00000000e+00  1.00000000e+00  1.00000000e+00  1.35129218e-07  1.14354708e-07  1.14354708e-04  1.13887293e-14  1.21812800e-07  1.19020868e-07  1.21839606e-07  1.22426813e-14  1.19180082e-07  1.21810060e-07 
 1.00000000e+00  1.00000000e+00  1.00000000e+00  1.00000000e+00  1.00000000e+00  0.00000000e+00  1.00000000e+00  1.00000000e+00  1.36238999e-07  1.15392276e-07  1.15392276e-04  1.19833291e-07  1.21812567e-07  1.19020761e-07  1.21839552e-07  1.22413118e-14  1.19180069e-07  1.21810052e-07 
 1.00000000e+00  0.00000000e+00  0.00000000e+00  0.00000000e+00  0.00000000e+00  1.00000000e+00  1.00000000e+00  1.00000000e+00  1.37076875e-07  1.16175869e-07  1.16175869e-04  1.14563502e-14  1.20838606e-14  1.13867138e-14  1.22668085e-14  1.18703211e-07  1.19180058e-07  1.21810047e-07 
 1.00000000e+00  1.00000000e+00  0.00000000e+00  0.00000000e+00  0.00000000e+00  1.00000000e+00  1.00000000e+00  1.00000000e+00  1.38400616e-07  1.17414266e-07  1.17414266e-04  1.19833787e-07  1.20454181e-14  1.13707673e-14  1.22614322e-14  1.18703177e-07  1.19180042e-07  1.21810038e-07 
 1.00000000e+00  0.00000000e+00  1.00000000e+00  0.00000000e+00  0.00000000e+00  1.00000000e+00  1.00000000e+00  1.00000000e+00  1.39649183e-07  1.18582797e-07  1.18582797e-04  1.14029199e-14  1.21813190e-07  1.13599371e-14  1.22568701e-14  1.18703145e-07  1.19180027e-07  1.21810030e-07 
 1.00000000e+00  1.00000000e+00  1.00000000e+00  0.00000000e+00  0.00000000e+00  1.00000000e+00  1.00000000e+00  1.00000000e+00  1.40849526e-07  1.19706613e-07  1.19706613e-04  1.19833454e-07  1.21812873e-07  1.13515226e-14  1.22528607e-14  1.18703116e-07  1.19180013e-07  1.21810022e-07 
 1.00000000e+00  0.00000000e+00  0.00000000e+00  1.00000000e+00  0.00000000e+00  1.00000000e+00  1.00000000e+00  1.00000000e+00  1.41862839e-07  1.20655641e-07  1.20655641e-04  1.14197204e-14  1.20450862e-14  1.19021286e-07  1.22497074e-14  1.18703091e-07  1.19180001e-07  1.21810015e-07 
 1.00000000e+00  1.00000000e+00  0.00000000e+00  1.00000000e+00  0.00000000e+00  1.00000000e+00  1.00000000e+00  1.00000000e+00  1.43074230e-07  1.21790557e-07  1.21790557e-04  1.19833604e-07  1.20266880e-14  1.19021128e-07  1.22461695e-14  1.18703063e-07  1.19179987e-07  1.21810008e-07 
 1.00000000e+00  0.00000000e+00  1.00000000e+00  1.00000000e+00  0.00000000e+00  1.00000000e+00  1.00000000e+00  1.00000000e+00  1.44251980e-07  1.22894348e-07  1.22894348e-04  1.13912489e-14  1.21812870e-07  1.19020991e-07  1.22429377e-14  1.18703036e-07  1.19179974e-07  1.21810000e-07 
 1.00000000e+00  1.00000000e+00  1.00000000e+00  1.00000000e+00  0.00000000e+00  1.00000000e+00  1.00000000e+00  1.00000000e+00  1.45370461e-07  1.23942947e-07  1.23942947e-04  1.19833323e-07  1.21812624e-07  1.19020874e-07  1.22400391e-14  1.18703010e-07  1.19179961e-07  1.21809993e-07 
 1.00000000e+00  0.00000000e+00  0.00000000e+00  0.00000000e+00  1.00000000e+00  1.00000000e+00  1.00000000e+00  1.00000000e+00  1.46784551e-07  1.25269174e-07  1.25269174e-04  1.14329545e-14  1.20592446e-14  1.13607242e-14  1.21839734e-07  1.18702979e-07  1.19179945e-07  1.21809984e-07 
 1.00000000e+00  1.00000000e+00  0.00000000e+00  0.00000000e+00  1.00000000e+00  1.00000000e+00  1.00000000e+00  1.00000000e+00  1.48012728e-07  1.26421480e-07  1.26421480e-04  1.19833690e-07  1.20348908e-14  1.13518621e-14  1.21839668e-07  1.18702953e-07  1.19179932e-07  1.21809977e-07 
 1.00000000e+00  0.00000000e+00  1.00000000e+00  0.00000000e+00  1.00000000e+00  1.00000000e+00  1.00000000e+00  1.00000000e+00  1.49186473e-07  1.27523095e-07  1.27523095e-04  1.13965631e-14  1.21813017e-07  1.13447469e-14  1.21839608e-07  1.18702928e-07  1.19179919e-07  1.21809969e-07 
 1.00000000e+00  1.00000000e+00  1.00000000e+00  0.00000000e+00  1.00000000e+00  1.00000000e+00  1.00000000e+00  1.00000000e+00  1.50310096e-07  1.28578014e-07  1.28578014e-04  1.19833386e-07  1.21812741e-07  1.13387786e-14  1.21839552e-07  1.18702905e-07  1.19179907e-07  1.21809962e-07 
 1.00000000e+00  0.00000000e+00  0.00000000e+00  1.00000000e+00  1.00000000e+00  1.00000000e+00  1.00000000e+00  1.00000000e+00  1.51301274e-07  1.29508863e-07  1.29508863e-04  1.14102150e-14  1.20347629e-14  1.19021004e-07  1.21839505e-07  1.18702885e-07  1.19179896e-07  1.21809956e-07 
 1.00000000e+00  1.00000000e+00  0.00000000e+00  1.00000000e+00  1.00000000e+00  1.00000000e+00  1.00000000e+00  1.00000000e+00  1.52444977e-07  1.30583276e-07  1.30583276e-04  1.19833527e-07  1.20198573e-14  1.19020880e-07  1.21839452e-07  1.18702863e-07  1.19179884e-07  1.21809949e-07 
 1.00000000e+00  0.00000000e+00  1.00000000e+00  1.00000000e+00  1.00000000e+00  1.00000000e+00  1.00000000e+00  1.00000000e+00  1.53566237e-07  1.31636935e-07  1.31636935e-04  1.13866487e-14  1.21812741e-07  1.19020768e-07  1.21839403e-07  1.18702841e-07  1.19179873e-07  1.21809943e-07 
 1.00000000e+00  1.00000000e+00  1.00000000e+00  1.00000000e+00  1.00000000e+00  1.00000000e+00  1.00000000e+00  1.00000000e+00  1.54630474e-07  1.32637311e-07  1.32637311e-04  1.19833264e-07  1.21812519e-07  1.19020669e-07  1.21839357e-07  1.18702820e-07  1.19179862e-07  1.21809936e-07 
